802, 177
257, 709
541, 504
660, 148
498, 624
225, 68
409, 401
462, 361
874, 595
574, 248
234, 452
896, 369
666, 429
853, 711
743, 318
847, 188
897, 545
401, 456
604, 790
415, 413
833, 454
207, 992
354, 242
837, 669
917, 580
385, 412
133, 152
581, 281
344, 799
469, 786
974, 87
984, 668
124, 224
14, 738
151, 80
534, 429
774, 985
579, 741
762, 480
60, 417
181, 680
184, 445
78, 314
466, 765
903, 423
862, 287
956, 229
453, 847
585, 432
513, 468
249, 88
425, 399
493, 375
855, 5
774, 255
935, 268
713, 307
973, 119
236, 144
567, 439
79, 491
721, 429
628, 387
819, 174
994, 565
654, 684
436, 244
619, 431
788, 929
184, 827
95, 562
869, 472
943, 160
304, 195
986, 532
23, 871
653, 65
452, 744
271, 633
199, 624
660, 265
861, 205
988, 96
377, 833
660, 777
339, 562
386, 107
267, 561
756, 329
213, 572
795, 742
160, 237
333, 800
434, 964
588, 604
222, 985
542, 601
697, 83
268, 530
307, 75
989, 280
387, 999
912, 727
56, 655
227, 668
762, 270
859, 374
175, 922
239, 192
149, 961
946, 827
780, 371
806, 840
370, 478
905, 427
707, 678
29, 246
973, 95
750, 941
609, 381
3, 329
55, 723
998, 862
407, 582
543, 237
416, 556
279, 841
681, 197
27, 437
864, 52
82, 932
530, 572
19, 111
52, 503
884, 121
802, 13
88, 888
102, 857
440, 86
675, 509
65, 335
177, 92
289, 696
134, 210
614, 316
600, 998
922, 696
159, 130
633, 941
414, 563
928, 869
109, 216
426, 17
455, 212
721, 866
553, 131
223, 139
835, 730
293, 864
180, 969
320, 907
604, 780
262, 594
888, 115
679, 895
116, 302
519, 959
976, 226
438, 945
163, 784
267, 159
298, 716
799, 490
706, 486
455, 92
999, 886
18, 127
722, 955
71, 280
527, 610
264, 102
61, 643
869, 783
80, 390
174, 659
819, 595
312, 441
283, 469
955, 463
907, 989
227, 763
242, 906
214, 597
229, 964
926, 637
91, 756
751, 191
326, 152
894, 973
632, 407
2, 420
861, 803
625, 666
481, 496
837, 580
695, 388
647, 416
13, 938
254, 861
850, 594
702, 181
372, 941
445, 454
779, 698
457, 340
760, 411
567, 812
478, 974
822, 192
124, 312
700, 660
428, 820
110, 347
560, 794
388, 364
897, 762
703, 91
897, 269
320, 501
841, 676
439, 129
941, 953
927, 6
198, 772
84, 750
762, 323
495, 136
836, 542
336, 957
321, 396
511, 725
168, 571
192, 566
67, 65
741, 512
994, 908
862, 180
539, 935
707, 141
243, 737
412, 143
280, 357
900, 259
216, 116
864, 236
313, 890
461, 375
294, 481
898, 653
518, 361
622, 991
524, 512
447, 836
977, 63
152, 507
2, 573
930, 565
824, 282
750, 830
419, 393
283, 615
342, 84
918, 744
749, 636
350, 816
808, 267
131, 972
808, 684
747, 931
438, 785
710, 899
816, 792
75, 641
823, 641
34, 825
792, 594
679, 669
765, 487
475, 949
765, 514
134, 825
797, 925
609, 265
548, 605
743, 708
608, 338
131, 453
446, 424
417, 206
383, 270
216, 803
824, 528
15, 247
196, 589
104, 842
668, 314
591, 590
855, 465
423, 201
261, 404
742, 166
971, 221
998, 873
431, 418
40, 415
571, 167
695, 256
856, 395
337, 62
904, 52
366, 441
31, 572
390, 958
511, 238
994, 813
331, 124
346, 89
314, 302
72, 344
111, 98
265, 464
721, 34
782, 312
726, 577
981, 119
560, 630
555, 700
658, 943
533, 945
110, 521
645, 528
969, 441
95, 343
687, 283
381, 520
984, 799
185, 998
310, 57
986, 967
86, 36
19, 968
668, 646
941, 926
223, 678
551, 475
355, 333
126, 196
540, 676
311, 573
93, 579
730, 45
43, 78
135, 916
883, 706
94, 122
442, 970
968, 113
391, 110
140, 910
737, 614
947, 691
239, 444
472, 425
999, 131
711, 783
828, 444
522, 441
709, 872
930, 10
484, 593
563, 24
490, 926
388, 883
145, 881
496, 528
219, 234
30, 795
573, 458
590, 502
286, 572
368, 653
446, 114
338, 891
253, 156
749, 268
645, 89
15, 664
899, 487
720, 403
283, 45
279, 568
716, 502
312, 310
812, 289
861, 902
555, 450
565, 229
472, 354
510, 255
876, 77
166, 611
275, 873
360, 533
936, 174
571, 432
1, 571
73, 851
513, 717
6, 386
640, 677
128, 219
800, 548
902, 45
652, 625
702, 412
23, 528
753, 221
754, 650
176, 113
898, 43
614, 748
951, 899
968, 40
426, 816
845, 974
545, 418
966, 973
370, 345
322, 220
984, 23
903, 377
598, 7
9, 657
122, 704
747, 538
638, 372
271, 714
754, 941
757, 239
565, 532
950, 602
928, 110
808, 269
489, 650
25, 482
859, 474
833, 281
290, 809
514, 843
733, 764
137, 613
327, 371
312, 408
0, 81
613, 421
23, 565
28, 564
185, 303
306, 188
670, 674
500, 331
612, 882
691, 334
529, 902
667, 205
819, 262
633, 804
564, 146
580, 945
366, 916
834, 193
109, 741
397, 862
402, 294
969, 703
34, 424
306, 821
155, 999
253, 998
555, 684
298, 272
428, 374
873, 931
228, 993
909, 453
998, 946
40, 743
957, 108
402, 789
492, 711
136, 723
545, 878
229, 442
792, 52
89, 483
755, 348
74, 387
671, 184
529, 299
104, 251
198, 790
886, 103
563, 590
379, 195
907, 317
41, 223
453, 43
837, 938
342, 683
166, 630
330, 431
819, 273
809, 404
704, 490
93, 690
833, 808
263, 643
233, 719
914, 826
144, 964
187, 173
568, 185
475, 641
676, 406
388, 817
249, 194
819, 718
122, 420
262, 629
671, 178
987, 355
999, 504
575, 250
77, 584
549, 490
663, 221
758, 88
81, 584
990, 585
754, 757
303, 378
96, 3
775, 123
104, 570
749, 37
745, 775
632, 88
338, 96
680, 207
49, 767
340, 581
22, 65
649, 450
35, 455
565, 639
369, 790
145, 868
991, 465
387, 273
310, 95
223, 136
224, 407
503, 855
62, 915
34, 536
469, 464
529, 727
177, 491
947, 178
817, 565
707, 512
732, 186
3, 204
477, 724
171, 390
879, 140
547, 746
953, 455
370, 403
939, 16
832, 757
484, 408
252, 361
539, 13
578, 551
415, 356
894, 285
490, 147
223, 249
639, 967
459, 747
493, 870
326, 7
762, 447
815, 696
805, 53
461, 647
8, 289
303, 65
616, 547
255, 233
871, 31
531, 501
750, 361
680, 754
501, 741
612, 492
499, 347
146, 290
338, 613
666, 961
960, 144
785, 479
545, 968
867, 88
674, 161
545, 474
327, 545
258, 76
182, 429
170, 290
782, 36
383, 134
424, 633
246, 529
842, 115
259, 912
392, 802
122, 44
485, 937
450, 341
815, 159
56, 347
423, 494
923, 314
604, 958
994, 93
580, 387
20, 377
258, 356
471, 619
531, 100
254, 82
479, 923
212, 376
717, 316
475, 15
362, 884
730, 883
197, 138
96, 653
98, 153
892, 90
819, 678
387, 265
884, 429
881, 210
645, 767
691, 135
863, 124
440, 255
270, 932
816, 267
150, 985
123, 546
551, 699
852, 571
13, 649
680, 97
362, 184
613, 419
629, 246
13, 494
629, 274
750, 56
664, 844
776, 190
457, 286
271, 944
842, 959
658, 746
669, 393
42, 863
960, 682
218, 74
493, 674
272, 831
677, 123
749, 637
694, 658
502, 500
42, 710
996, 278
222, 852
811, 620
718, 64
457, 822
37, 388
422, 852
926, 349
23, 641
472, 420
895, 295
932, 502
160, 996
848, 978
688, 663
941, 891
95, 37
657, 516
932, 906
80, 375
115, 742
594, 117
466, 538
179, 872
644, 841
136, 3
505, 891
888, 421
751, 666
681, 88
331, 440
829, 974
490, 426
685, 838
213, 423
165, 765
235, 681
219, 111
983, 53
895, 398
753, 980
871, 383
804, 259
277, 111
552, 556
348, 958
932, 883
310, 529
367, 775
550, 995
112, 932
613, 715
178, 347
401, 832
582, 513
493, 296
31, 336
947, 717
180, 836
744, 224
534, 732
968, 444
325, 818
593, 630
977, 692
976, 143
210, 89
437, 590
774, 388
254, 190
838, 709
45, 99
816, 869
57, 344
920, 349
433, 153
597, 454
272, 401
31, 274
966, 218
713, 8
450, 943
885, 924
664, 239
429, 659
368, 918
18, 267
488, 765
461, 186
535, 546
699, 381
187, 969
722, 649
275, 812
30, 106
466, 242
537, 743
19, 916
155, 422
433, 684
602, 936
555, 802
919, 972
159, 44
942, 381
762, 694
15, 993
994, 302
114, 90
196, 270
864, 496
591, 14
931, 401
175, 611
295, 438
727, 608
762, 249
222, 282
678, 34
415, 733
779, 620
966, 529
831, 147
237, 960
582, 297
793, 785
799, 446
847, 385
348, 730
521, 374
335, 995
244, 248
882, 97
131, 818
903, 561
533, 898
780, 683
830, 499
460, 963
261, 419
204, 42
841, 406
143, 3
86, 688
415, 491
486, 607
207, 750
199, 83
253, 89
2, 683
933, 157
840, 536
35, 713
677, 22
441, 847
890, 290
696, 645
0, 731
771, 192
683, 86
45, 538
288, 522
605, 252
694, 840
523, 858
367, 48
584, 456
170, 559
581, 620
467, 199
489, 374
19, 709
792, 537
729, 372
458, 916
454, 765
287, 504
108, 95
935, 244
454, 154
203, 810
266, 822
381, 139
759, 788
339, 315
689, 579
640, 180
718, 61
433, 433
701, 799
564, 891
747, 155
602, 851
447, 208
714, 537
347, 902
724, 917
57, 966
106, 105
420, 168
99, 446
626, 462
523, 740
525, 696
496, 956
199, 226
733, 60
264, 299
507, 336
225, 711
613, 221
491, 925
891, 689
147, 900
420, 349
795, 919
381, 520
260, 774
470, 256
212, 785
363, 966
379, 764
415, 96
784, 995
706, 274
495, 10
935, 672
361, 338
590, 178
527, 860
780, 11
531, 675
449, 161
418, 143
280, 271
590, 982
98, 643
91, 321
316, 513
787, 876
886, 374
398, 635
325, 173
351, 112
972, 916
927, 230
257, 752
266, 810
953, 58
330, 684
18, 233
228, 272
593, 117
982, 319
195, 261
635, 770
757, 433
606, 34
498, 82
350, 309
892, 470
575, 629
791, 149
208, 841
525, 744
329, 890
162, 895
364, 909
229, 107
368, 347
469, 776
562, 355
741, 578
12, 520
830, 239
710, 363
992, 722
223, 285
478, 136
880, 783
673, 355
250, 562
823, 187
294, 615
314, 404
181, 14
370, 783
361, 95
615, 111
351, 373
88, 445
519, 413
50, 433
569, 95
878, 528
883, 801
715, 552
739, 485
100, 539
943, 386
400, 766
549, 476
571, 770
234, 262
988, 187
984, 937
702, 428
861, 856
951, 752
632, 782
584, 829
733, 867
352, 299
190, 473
211, 805
571, 134
610, 611
734, 473
87, 534
721, 320
257, 427
856, 705
561, 311
415, 69
852, 864
694, 47
266, 788
439, 427
252, 618
423, 630
764, 463
427, 347
820, 726
260, 513
185, 907
335, 333
391, 442
105, 543
612, 304
169, 520
919, 816
604, 863
642, 185
803, 44
674, 895
710, 579
926, 790
868, 137
2, 98
5, 481
814, 187
981, 692
587, 205
510, 86
606, 552
368, 679
894, 877
62, 973
369, 536
783, 866
797, 395
537, 494
983, 723
821, 405
886, 986
525, 178
223, 701
258, 507
945, 162
714, 768
799, 904
781, 83
408, 45
582, 844
62, 777
172, 717
211, 859
934, 709
466, 547
533, 107
637, 353
406, 410
917, 212
375, 16
785, 863
767, 89
172, 936
982, 900
744, 932
709, 916
633, 806
17, 233
294, 197
744, 951
410, 113
466, 629
39, 48
260, 224
240, 957
172, 635
77, 377
666, 291
191, 601
534, 648
916, 288
446, 595
181, 901
98, 816
767, 475
588, 842
823, 530
578, 406
982, 863
172, 190
178, 575
952, 696
339, 255
208, 618
618, 530
170, 742
690, 886
788, 969
785, 871
698, 886
81, 904
434, 639
397, 256
119, 364
555, 380
307, 643
339, 733
340, 259
230, 678
561, 548
643, 200
87, 731
700, 685
556, 227
465, 837
742, 606
245, 898
155, 176
541, 643
375, 274
270, 448
533, 682
293, 609
288, 873
773, 875
428, 201
284, 768
453, 867
94, 985
174, 361
968, 911
810, 916
93, 213
208, 965
591, 986
434, 935
969, 861
823, 967
192, 615
842, 111
664, 317
86, 270
137, 948
285, 891
253, 583
495, 460
376, 221
786, 305
622, 821
807, 347
634, 213
427, 593
912, 604
571, 250
713, 456
774, 413
684, 377
325, 860
751, 173
757, 611
71, 356
577, 252
909, 799
621, 716
63, 531
96, 428
374, 697
653, 875
125, 286
743, 224
638, 190
919, 869
81, 674
847, 245
208, 184
541, 604
208, 631
430, 118
186, 117
0, 51
832, 249
299, 449
324, 206
844, 952
529, 802
344, 587
456, 519
193, 264
861, 537
722, 392
997, 69
52, 615
733, 557
27, 482
886, 920
521, 27
476, 718
924, 820
125, 153
307, 768
708, 654
525, 651
915, 516
406, 718
110, 776
197, 480
95, 459
17, 249
84, 180
452, 44
423, 970
688, 326
146, 252
757, 964
84, 623
629, 64
715, 144
13, 154
224, 631
759, 419
251, 687
146, 957
558, 346
878, 515
911, 994
964, 331
657, 687
939, 4
320, 155
131, 48
112, 757
901, 760
267, 827
810, 266
37, 491
530, 570
879, 288
634, 677
544, 437
784, 865
196, 808
495, 748
105, 205
712, 786
834, 425
534, 843
604, 946
125, 788
54, 223
66, 936
506, 92
380, 597
626, 737
526, 367
232, 170
330, 310
59, 780
337, 825
963, 516
941, 49
893, 149
95, 828
616, 849
72, 221
509, 670
762, 138
87, 367
104, 495
214, 713
236, 630
941, 446
578, 566
744, 352
868, 915
964, 707
857, 161
989, 857
58, 304
877, 605
628, 130
621, 386
753, 742
237, 708
774, 209
840, 451
249, 10
576, 133
485, 827
94, 672
732, 353
866, 59
268, 589
245, 856
813, 679
161, 475
861, 441
184, 782
843, 967
176, 773
577, 617
979, 368
501, 826
6, 907
580, 986
691, 452
511, 312
253, 558
766, 132
163, 498
973, 579
21, 324
459, 187
506, 557
330, 302
271, 34
403, 907
86, 250
157, 256
595, 444
896, 89
401, 286
196, 760
244, 6
857, 962
542, 407
731, 182
369, 915
824, 190
844, 227
262, 506
414, 467
717, 17
625, 852
296, 227
668, 220
859, 544
304, 422
428, 55
18, 548
307, 285
820, 912
179, 391
581, 189
769, 3
509, 778
245, 383
752, 275
479, 315
894, 377
598, 127
672, 562
336, 457
864, 976
877, 765
402, 234
146, 536
927, 222
764, 677
32, 861
639, 533
268, 894
169, 236
903, 20
749, 649
128, 797
712, 699
508, 800
129, 48
165, 373
607, 358
894, 920
142, 106
135, 822
683, 258
143, 168
62, 674
910, 411
783, 583
584, 814
963, 533
232, 713
513, 27
428, 741
114, 642
0, 593
513, 73
179, 895
69, 8
266, 315
835, 752
426, 410
173, 897
480, 688
854, 957
490, 65
130, 818
845, 722
815, 643
638, 625
219, 929
355, 990
237, 84
92, 886
553, 306
410, 711
121, 388
637, 836
877, 294
603, 118
535, 731
549, 93
168, 665
660, 747
372, 983
265, 650
641, 943
28, 620
506, 878
537, 472
183, 60
800, 947
136, 656
303, 438
908, 13
744, 906
0, 795
460, 646
745, 520
855, 472
123, 469
413, 120
92, 764
994, 793
265, 951
363, 531
479, 801
457, 163
953, 967
980, 760
19, 861
656, 76
722, 19
891, 468
941, 467
289, 746
219, 416
532, 702
847, 311
614, 526
410, 112
265, 977
493, 241
208, 723
835, 446
308, 188
616, 854
225, 316
785, 339
158, 468
215, 78
494, 447
501, 434
97, 378
904, 348
813, 712
41, 666
907, 78
153, 534
333, 115
655, 341
547, 993
309, 272
963, 773
241, 446
876, 473
921, 808
594, 722
100, 422
123, 692
756, 357
23, 936
366, 797
684, 931
398, 520
861, 17
362, 406
30, 760
533, 671
470, 345
818, 127
935, 346
69, 91
514, 530
574, 521
878, 637
925, 330
127, 902
185, 291
163, 163
180, 935
693, 376
137, 894
566, 723
420, 670
149, 388
86, 239
330, 437
319, 155
677, 196
185, 893
575, 907
809, 110
754, 54
218, 346
282, 917
294, 750
645, 327
403, 431
453, 563
951, 823
62, 603
40, 37
545, 393
941, 359
604, 574
481, 127
589, 179
233, 643
989, 343
261, 803
554, 623
951, 555
986, 199
762, 354
529, 439
394, 65
454, 592
337, 434
145, 351
925, 278
757, 101
632, 407
50, 347
690, 866
669, 391
367, 951
506, 575
774, 670
376, 844
636, 888
305, 905
497, 30
817, 760
111, 186
817, 962
416, 389
796, 574
921, 48
266, 198
941, 612
915, 936
511, 660
330, 774
618, 638
878, 706
612, 254
285, 184
296, 461
648, 454
416, 759
148, 465
391, 184
233, 296
846, 313
277, 499
787, 140
800, 192
966, 651
289, 131
189, 937
191, 519
55, 153
615, 828
634, 351
463, 615
432, 403
587, 963
612, 175
488, 820
672, 810
950, 765
310, 459
110, 751
234, 276
565, 751
271, 775
929, 109
289, 326
30, 896
863, 924
327, 845
808, 647
822, 914
87, 420
231, 311
428, 759
218, 533
636, 90
367, 681
432, 870
646, 284
393, 55
734, 927
823, 683
607, 764
609, 38
685, 934
200, 769
542, 507
170, 287
46, 773
658, 951
41, 617
298, 295
517, 760
45, 730
138, 515
442, 438
473, 872
988, 617
655, 80
366, 597
718, 692
200, 567
854, 260
385, 722
673, 253
870, 44
691, 67
827, 168
250, 208
724, 224
663, 388
612, 166
136, 488
569, 600
197, 791
836, 287
854, 268
880, 36
110, 61
314, 266
662, 136
203, 184
704, 353
561, 382
607, 306
695, 637
804, 622
110, 307
908, 292
435, 679
967, 457
77, 271
659, 173
234, 958
224, 770
906, 900
436, 238
591, 109
843, 140
447, 504
142, 450
72, 494
153, 298
590, 183
214, 413
223, 377
649, 533
707, 652
610, 308
78, 941
194, 186
424, 336
797, 630
123, 367
224, 641
91, 570
416, 366
16, 516
699, 921
687, 958
335, 913
447, 910
562, 984
293, 506
799, 525
711, 723
412, 993
624, 488
207, 209
202, 747
669, 431
149, 646
162, 437
710, 165
123, 861
126, 397
659, 459
795, 925
783, 574
99, 440
516, 583
928, 162
650, 928
489, 552
651, 210
641, 692
338, 672
461, 791
308, 852
65, 172
569, 432
243, 191
469, 581
155, 38
831, 252
187, 606
768, 347
627, 116
20, 771
981, 116
160, 672
696, 974
765, 850
702, 158
682, 74
858, 767
311, 603
184, 101
491, 132
736, 691
297, 322
21, 924
40, 418
189, 648
765, 412
436, 522
496, 277
128, 133
643, 614
688, 182
950, 325
280, 546
999, 613
745, 465
508, 842
517, 833
757, 806
576, 538
187, 149
562, 117
639, 304
581, 998
483, 487
101, 709
892, 126
803, 789
687, 194
159, 84
901, 38
881, 904
737, 761
919, 398
288, 847
996, 495
612, 475
779, 910
261, 603
91, 713
774, 744
223, 192
982, 18
212, 26
462, 21
412, 371
627, 715
829, 293
43, 717
916, 748
244, 331
159, 264
175, 208
812, 290
3, 788
532, 903
95, 778
796, 755
134, 429
803, 361
84, 948
16, 215
860, 64
133, 845
945, 255
938, 49
313, 189
750, 97
388, 840
628, 562
465, 743
873, 513
620, 560
342, 670
383, 106
55, 145
360, 467
531, 423
620, 572
827, 664
65, 565
107, 765
863, 731
571, 857
419, 603
698, 552
65, 236
148, 572
594, 37
144, 490
987, 977
444, 551
974, 347
919, 328
344, 946
511, 746
864, 410
141, 970
179, 727
682, 64
968, 950
186, 380
952, 385
423, 335
177, 546
875, 567
118, 165
864, 672
0, 444
390, 136
234, 696
458, 253
576, 98
177, 599
16, 755
706, 859
240, 984
722, 244
931, 544
443, 145
64, 109
626, 318
342, 182
978, 490
978, 342
391, 720
325, 213
311, 849
801, 901
657, 489
700, 817
153, 715
959, 292
189, 875
20, 891
352, 632
302, 436
618, 330
172, 645
339, 948
668, 151
364, 730
932, 994
247, 27
868, 733
550, 256
971, 921
213, 55
931, 283
526, 402
386, 303
740, 230
560, 41
38, 710
11, 732
235, 729
812, 31
377, 951
331, 744
477, 625
233, 199
472, 379
434, 557
840, 38
792, 717
373, 718
948, 179
572, 465
527, 860
944, 962
691, 538
570, 180
131, 503
247, 299
924, 462
14, 724
103, 510
67, 486
524, 890
607, 259
977, 317
848, 332
797, 277
489, 772
734, 325
215, 433
613, 425
929, 137
437, 97
559, 528
253, 713
223, 925
764, 708
598, 290
549, 288
957, 558
890, 878
507, 157
929, 40
717, 996
430, 663
441, 932
422, 395
492, 370
898, 859
924, 404
329, 503
564, 500
142, 93
734, 514
72, 692
922, 43
201, 315
707, 430
426, 130
146, 424
708, 208
604, 587
309, 130
989, 448
852, 559
63, 266
766, 534
979, 979
493, 908
952, 65
109, 918
233, 875
657, 662
144, 292
716, 83
644, 290
877, 424
555, 248
696, 538
98, 896
162, 901
787, 513
492, 928
189, 118
184, 985
903, 141
16, 645
307, 488
780, 25
461, 451
94, 848
273, 105
353, 323
862, 180
76, 401
654, 312
825, 591
871, 793
912, 317
654, 60
202, 448
93, 910
750, 570
596, 752
555, 531
731, 57
162, 1
325, 356
536, 867
620, 539
851, 965
908, 627
420, 28
345, 779
840, 332
780, 351
261, 394
964, 225
977, 12
895, 912
321, 885
886, 626
335, 835
54, 211
102, 871
188, 675
302, 953
981, 96
228, 722
407, 678
382, 68
462, 187
413, 995
7, 778
43, 742
627, 254
233, 364
552, 866
429, 568
791, 606
633, 532
837, 980
428, 287
362, 171
201, 656
76, 769
308, 583
579, 890
669, 721
816, 938
545, 64
780, 795
661, 778
698, 332
291, 443
975, 489
821, 924
212, 164
335, 250
258, 574
343, 537
472, 335
225, 651
725, 403
694, 246
310, 893
688, 239
369, 443
775, 702
145, 67
556, 66
343, 472
636, 378
980, 555
481, 324
213, 238
925, 176
179, 685
441, 151
397, 904
149, 135
374, 60
503, 190
244, 743
162, 630
49, 389
213, 718
448, 392
299, 201
525, 780
371, 780
956, 90
128, 296
447, 135
392, 569
56, 197
609, 893
83, 430
525, 464
94, 327
68, 687
757, 495
887, 281
835, 558
338, 538
318, 712
803, 709
6, 626
114, 931
852, 805
354, 858
751, 908
690, 963
427, 835
514, 567
606, 874
721, 583
216, 363
921, 609
499, 51
764, 612
673, 170
796, 567
850, 679
837, 262
120, 702
962, 191
507, 224
59, 652
219, 934
160, 573
508, 825
540, 882
843, 725
776, 814
426, 342
512, 892
811, 99
131, 661
923, 661
715, 320
511, 396
620, 677
329, 18
305, 31
956, 900
725, 817
51, 817
542, 618
432, 894
589, 670
563, 210
661, 453
114, 374
388, 792
464, 390
138, 455
133, 976
346, 110
493, 814
715, 3
173, 449
266, 792
410, 224
471, 160
831, 194
404, 60
865, 746
472, 66
210, 980
722, 212
668, 675
3, 860
970, 153
319, 701
705, 463
264, 386
179, 878
454, 883
395, 941
136, 925
337, 578
324, 892
958, 203
535, 149
361, 169
844, 609
821, 381
534, 199
900, 143
958, 854
240, 605
835, 574
457, 771
65, 290
567, 205
783, 553
445, 257
812, 108
257, 404
573, 699
308, 970
352, 769
968, 481
624, 886
92, 868
826, 582
156, 685
456, 13
655, 966
171, 873
426, 223
832, 954
414, 872
276, 644
343, 23
994, 201
322, 3
484, 698
936, 290
510, 460
42, 29
66, 688
702, 550
516, 522
396, 357
580, 39
346, 822
694, 412
408, 760
136, 322
523, 103
106, 482
180, 845
487, 942
402, 468
497, 350
38, 796
347, 563
438, 740
98, 215
255, 186
360, 30
795, 953
65, 407
729, 203
659, 201
35, 605
802, 765
60, 215
36, 290
992, 462
259, 533
449, 30
771, 958
173, 239
777, 221
603, 780
733, 137
544, 398
954, 799
0, 626
583, 613
730, 388
955, 385
27, 790
605, 991
525, 19
50, 864
822, 326
917, 173
746, 347
128, 694
831, 349
748, 861
660, 728
706, 54
19, 13
401, 289
674, 749
892, 356
348, 702
73, 497
713, 225
903, 475
648, 535
234, 820
514, 394
96, 362
576, 697
777, 844
250, 588
953, 483
772, 269
18, 354
63, 447
501, 910
759, 763
340, 926
402, 472
359, 595
767, 402
149, 594
308, 633
330, 245
441, 884
473, 108
943, 691
960, 426
133, 716
515, 330
593, 548
663, 368
294, 352
177, 355
950, 696
99, 536
482, 717
350, 600
845, 791
675, 32
492, 286
977, 500
279, 436
504, 289
971, 764
312, 19
387, 916
621, 327
682, 33
82, 798
686, 984
701, 533
133, 169
960, 403
787, 978
616, 987
840, 632
420, 945
234, 471
235, 924
295, 557
474, 547
226, 34
67, 447
245, 908
892, 149
682, 283
452, 945
700, 167
145, 764
104, 487
471, 761
706, 944
415, 891
815, 292
850, 2
901, 110
496, 676
123, 127
35, 564
65, 720
3, 279
576, 100
267, 808
572, 276
115, 765
526, 676
972, 587
478, 585
229, 739
741, 646
108, 431
107, 642
769, 605
169, 582
654, 156
787, 586
686, 658
818, 363
639, 306
71, 390
419, 755
694, 949
534, 743
483, 172
818, 116
547, 576
571, 927
884, 7
941, 692
849, 53
991, 596
606, 988
352, 678
336, 424
166, 991
98, 407
356, 585
329, 792
317, 243
359, 164
92, 487
414, 258
265, 663
356, 298
703, 207
155, 557
545, 47
77, 761
537, 897
241, 413
820, 703
289, 691
484, 528
123, 970
486, 153
640, 482
741, 578
594, 407
705, 358
917, 950
859, 761
808, 72
833, 404
654, 885
650, 722
426, 247
938, 470
350, 67
389, 774
927, 474
956, 875
805, 568
975, 49
760, 399
701, 32
145, 677
102, 560
317, 953
190, 287
10, 323
570, 192
662, 436
855, 508
635, 365
839, 244
471, 562
130, 147
549, 276
676, 457
490, 309
338, 729
290, 635
941, 440
728, 959
282, 483
676, 738
526, 852
712, 690
55, 381
977, 347
262, 894
42, 448
724, 392
202, 943
252, 752
482, 692
679, 942
383, 124
83, 620
456, 111
201, 717
921, 484
174, 727
460, 985
333, 582
476, 437
885, 947
339, 870
813, 961
66, 541
585, 417
360, 900
376, 265
237, 95
206, 811
528, 45
529, 759
838, 449
434, 56
638, 298
87, 119
66, 466
689, 972
285, 758
651, 854
272, 351
251, 589
206, 984
79, 627
438, 795
841, 637
396, 318
119, 722
778, 586
884, 906
377, 768
235, 971
295, 444
554, 924
778, 580
284, 557
146, 402
386, 887
867, 704
500, 817
454, 657
976, 693
415, 202
140, 447
353, 546
314, 24
347, 731
527, 901
825, 994
927, 433
990, 956
710, 211
450, 489
193, 449
266, 317
327, 45
738, 73
627, 655
102, 506
52, 768
144, 456
539, 718
620, 844
838, 66
499, 797
105, 765
328, 841
330, 816
265, 779
448, 876
921, 883
308, 127
782, 660
518, 936
56, 885
693, 570
640, 200
396, 232
650, 260
410, 235
352, 149
990, 515
331, 681
812, 673
549, 948
184, 612
740, 470
482, 492
428, 874
759, 0
922, 484
37, 804
36, 563
175, 433
20, 38
187, 585
453, 373
406, 530
203, 136
85, 570
182, 752
574, 269
113, 274
149, 57
409, 542
378, 260
65, 332
247, 767
553, 453
492, 774
712, 573
298, 31
561, 165
301, 704
274, 764
868, 738
359, 457
83, 443
852, 473
15, 232
493, 261
945, 745
865, 910
363, 544
319, 418
991, 207
239, 31
196, 642
346, 800
917, 849
588, 621
430, 137
932, 947
420, 865
98, 784
398, 787
885, 943
853, 343
240, 750
168, 568
776, 559
942, 511
153, 367
519, 490
339, 852
825, 788
926, 279
227, 607
472, 858
643, 999
139, 570
865, 393
88, 24
126, 70
639, 328
239, 646
157, 767
134, 181
23, 663
515, 5
794, 715
994, 692
299, 720
930, 573
925, 771
694, 925
318, 64
440, 559
630, 407
735, 566
212, 621
388, 975
508, 721
736, 874
879, 532
247, 603
295, 25
745, 593
167, 594
366, 28
953, 92
508, 60
619, 272
679, 300
866, 601
222, 766
93, 430
503, 962
188, 602
486, 240
195, 420
445, 85
678, 491
85, 543
571, 197
641, 803
863, 876
148, 149
449, 835
436, 179
946, 667
449, 11
325, 39
993, 305
897, 866
286, 479
916, 92
583, 83
978, 595
144, 21
824, 901
778, 786
287, 688
875, 926
458, 89
108, 663
674, 756
795, 910
215, 352
218, 141
620, 112
556, 856
939, 889
836, 140
513, 918
819, 980
118, 337
377, 597
876, 406
495, 252
916, 334
442, 955
865, 942
294, 237
378, 432
896, 864
720, 351
592, 453
945, 660
930, 428
408, 458
147, 749
699, 527
285, 525
777, 927
613, 132
87, 45
988, 55
292, 305
737, 634
499, 23
726, 986
439, 219
231, 318
98, 736
546, 161
263, 858
737, 693
218, 962
889, 22
154, 348
745, 502
557, 594
251, 85
720, 201
576, 340
326, 571
790, 654
324, 117
853, 374
535, 422
281, 399
93, 798
112, 18
393, 663
363, 353
207, 899
493, 109
546, 116
318, 96
437, 266
837, 246
901, 763
881, 980
354, 577
0, 86
486, 241
392, 633
3, 931
946, 856
210, 396
296, 662
123, 417
534, 141
238, 669
936, 204
450, 27
790, 125
457, 703
633, 23
110, 163
405, 985
618, 596
879, 149
5, 973
370, 825
839, 215
633, 18
511, 962
632, 519
723, 749
776, 920
45, 525
581, 919
942, 855
18, 214
199, 52
0, 423
572, 169
494, 231
57, 930
145, 864
234, 248
211, 130
649, 746
847, 195
115, 724
602, 624
895, 512
367, 183
749, 837
242, 386
161, 300
469, 594
826, 86
16, 315
180, 235
483, 161
644, 766
512, 694
889, 645
370, 360
336, 356
869, 972
507, 583
772, 236
622, 256
556, 14
961, 136
222, 377
692, 787
374, 238
751, 224
991, 857
904, 395
41, 855
567, 145
502, 763
735, 255
838, 723
959, 594
850, 611
977, 934
422, 406
783, 938
77, 644
882, 827
52, 451
309, 633
381, 395
250, 565
710, 422
537, 818
73, 564
287, 624
218, 264
875, 599
885, 68
826, 204
143, 307
303, 961
788, 572
24, 185
170, 192
587, 685
250, 551
325, 838
8, 312
229, 862
486, 433
697, 868
819, 56
124, 924
129, 56
363, 302
263, 624
196, 18
203, 404
596, 220
257, 726
277, 184
374, 507
172, 955
817, 382
815, 401
269, 656
712, 865
141, 89
145, 189
491, 270
246, 861
879, 107
511, 443
15, 435
161, 107
643, 273
132, 790
745, 17
751, 304
57, 915
571, 567
784, 327
768, 635
824, 925
548, 265
478, 668
775, 794
589, 358
145, 638
97, 957
230, 658
448, 93
110, 714
371, 546
461, 862
781, 428
107, 384
19, 917
842, 227
493, 196
216, 390
537, 971
681, 343
333, 126
83, 178
836, 430
523, 665
732, 637
183, 986
200, 103
883, 644
380, 333
250, 343
922, 751
947, 444
187, 767
91, 515
858, 724
202, 772
951, 191
974, 286
303, 139
776, 849
835, 35
490, 959
955, 387
720, 726
421, 335
87, 970
767, 343
111, 386
902, 954
678, 202
326, 112
656, 880
518, 629
769, 982
831, 822
209, 897
857, 19
406, 52
778, 164
500, 127
449, 551
894, 939
677, 216
170, 357
911, 931
44, 200
81, 590
219, 52
34, 951
125, 340
590, 217
236, 335
739, 799
963, 643
122, 869
420, 815
754, 923
140, 666
376, 784
715, 662
863, 287
229, 111
163, 296
599, 449
141, 549
767, 725
412, 83
882, 3
998, 151
20, 846
661, 472
396, 792
458, 768
552, 888
550, 834
474, 267
379, 765
413, 703
504, 894
444, 13
738, 998
81, 211
566, 150
653, 964
810, 565
37, 25
817, 823
591, 433
321, 275
462, 495
115, 224
989, 936
639, 494
388, 755
768, 496
494, 184
395, 858
360, 575
539, 314
879, 13
38, 701
525, 268
54, 855
482, 468
964, 727
303, 944
880, 79
925, 293
400, 872
368, 665
850, 168
26, 214
789, 597
911, 386
751, 329
382, 142
763, 789
996, 907
376, 817
896, 478
775, 692
771, 200
845, 7
879, 48
713, 245
765, 599
813, 915
513, 791
529, 955
636, 776
271, 280
421, 18
926, 34
203, 417
247, 654
698, 451
651, 22
30, 821
869, 848
93, 261
213, 934
850, 858
1, 378
333, 715
843, 882
514, 969
988, 114
500, 935
704, 266
272, 55
507, 304
326, 970
791, 510
359, 708
970, 660
946, 452
663, 535
913, 796
511, 16
899, 247
216, 707
821, 413
701, 556
174, 674
729, 757
61, 798
768, 236
747, 740
448, 911
923, 458
910, 770
305, 870
666, 925
942, 219
466, 530
237, 841
606, 34
943, 410
84, 307
417, 469
268, 166
754, 478
218, 388
652, 853
311, 667
437, 575
797, 574
499, 95
314, 816
346, 441
634, 132
518, 935
697, 241
900, 461
283, 134
300, 317
148, 903
291, 406
260, 366
385, 943
871, 571
145, 175
270, 668
484, 997
438, 584
68, 182
469, 425
18, 586
48, 519
653, 270
940, 683
586, 305
711, 88
454, 877
173, 971
895, 192
367, 396
64, 392
389, 989
925, 901
435, 180
605, 993
579, 905
424, 975
245, 979
662, 429
734, 185
625, 248
478, 797
769, 432
624, 3
751, 16
408, 343
332, 167
68, 150
330, 257
250, 856
761, 287
262, 181
161, 537
318, 859
397, 175
776, 404
201, 22
454, 606
609, 322
338, 78
773, 360
527, 99
249, 105
362, 948
804, 931
570, 612
794, 917
806, 184
43, 307
482, 124
528, 792
815, 258
216, 81
404, 621
52, 825
537, 94
545, 825
931, 417
365, 146
77, 293
258, 521
438, 647
183, 404
63, 596
720, 227
19, 545
156, 600
33, 186
808, 372
550, 789
236, 860
685, 439
856, 781
928, 616
262, 573
446, 357
357, 872
628, 884
832, 540
119, 691
588, 904
856, 491
677, 96
821, 890
679, 837
697, 723
162, 915
49, 735
703, 371
944, 329
686, 317
189, 391
627, 395
288, 169
860, 812
716, 407
898, 449
897, 573
463, 928
117, 718
441, 494
762, 167
902, 604
975, 163
492, 957
275, 271
14, 530
926, 816
986, 994
806, 566
973, 198
999, 522
447, 224
504, 897
615, 262
757, 621
140, 57
13, 871
34, 42
352, 340
611, 526
408, 979
147, 978
972, 686
252, 485
684, 130
4, 578
802, 683
580, 452
714, 658
631, 548
605, 823
694, 772
814, 618
310, 80
958, 518
497, 921
251, 367
53, 997
482, 575
705, 658
236, 166
202, 710
514, 390
48, 134
682, 228
404, 679
451, 639
609, 98
179, 618
136, 919
193, 137
856, 986
983, 444
20, 262
920, 465
984, 77
139, 156
546, 538
672, 653
234, 594
625, 355
346, 638
88, 77
695, 956
875, 619
109, 183
169, 68
513, 965
227, 504
322, 885
962, 147
655, 658
196, 102
107, 201
147, 220
575, 693
331, 773
202, 922
230, 772
391, 897
432, 105
174, 500
818, 954
458, 39
924, 45
193, 132
790, 238
692, 200
402, 986
207, 800
493, 901
26, 134
408, 177
301, 228
477, 638
96, 692
545, 910
216, 270
309, 363
760, 674
159, 585
823, 953
506, 949
288, 516
668, 908
161, 847
981, 513
690, 188
768, 742
732, 991
36, 598
860, 828
450, 933
648, 76
102, 111
696, 408
714, 261
211, 872
740, 220
480, 851
698, 408
921, 641
181, 31
773, 964
307, 950
900, 858
686, 695
628, 760
836, 137
248, 276
685, 938
552, 297
169, 751
971, 763
966, 261
669, 451
92, 664
695, 942
258, 626
928, 821
679, 918
613, 828
588, 717
854, 594
222, 424
714, 455
104, 259
10, 266
381, 273
534, 981
432, 347
11, 555
849, 877
503, 59
880, 108
26, 783
611, 559
276, 991
937, 199
975, 483
290, 160
419, 689
308, 394
19, 782
763, 689
37, 905
460, 548
777, 400
459, 661
769, 632
415, 339
250, 147
491, 26
577, 879
714, 428
588, 552
593, 4
398, 360
142, 901
591, 417
322, 257
805, 980
380, 134
795, 582
566, 192
883, 917
416, 981
7, 134
13, 907
336, 936
488, 727
83, 276
636, 434
335, 481
250, 130
388, 278
258, 924
410, 545
480, 991
183, 205
474, 46
28, 66
552, 891
798, 387
676, 917
996, 486
115, 516
950, 79
912, 103
234, 286
564, 514
438, 974
871, 175
518, 848
406, 351
750, 53
471, 880
123, 130
869, 24
293, 922
760, 545
62, 290
721, 875
979, 12
650, 986
500, 565
891, 567
94, 291
491, 762
466, 612
665, 249
130, 568
698, 136
512, 253
527, 567
465, 806
96, 640
515, 527
891, 169
155, 846
763, 894
461, 8
299, 654
769, 555
167, 142
392, 587
155, 184
320, 522
127, 205
124, 833
991, 7
647, 589
468, 87
608, 514
713, 712
606, 764
772, 828
835, 67
974, 423
565, 604
543, 493
677, 957
831, 698
903, 349
534, 311
318, 27
969, 525
964, 317
183, 437
149, 573
689, 248
77, 755
174, 813
236, 912
868, 148
641, 801
111, 411
461, 670
20, 942
605, 364
743, 554
80, 275
944, 64
502, 44
969, 128
376, 3
111, 658
471, 805
717, 637
138, 59
213, 937
348, 779
450, 324
618, 809
525, 822
376, 224
851, 621
685, 808
205, 796
924, 539
895, 174
185, 652
458, 358
347, 8
68, 175
113, 485
265, 281
957, 813
975, 67
889, 575
151, 852
825, 617
426, 3
799, 863
754, 631
157, 75
727, 649
359, 342
703, 185
713, 707
192, 771
404, 178
343, 809
228, 361
936, 318
523, 469
439, 440
443, 348
563, 865
848, 594
669, 318
319, 5
700, 396
934, 679
738, 403
526, 999
177, 282
444, 930
291, 872
543, 24
494, 579
19, 66
766, 933
150, 814
408, 682
0, 998
355, 77
826, 319
350, 407
162, 112
111, 440
723, 688
970, 640
864, 519
543, 613
193, 407
825, 389
322, 564
731, 944
626, 824
174, 139
569, 626
297, 530
289, 747
859, 0
440, 804
844, 322
962, 515
34, 815
428, 826
586, 930
319, 973
890, 411
355, 642
466, 621
112, 981
959, 641
523, 33
780, 257
257, 164
968, 639
313, 49
565, 813
980, 627
806, 951
881, 760
734, 392
155, 201
195, 976
949, 511
844, 13
6, 61
95, 156
413, 881
46, 227
219, 22
423, 366
531, 532
160, 340
292, 511
272, 966
358, 525
78, 358
334, 865
376, 625
991, 635
696, 573
729, 997
231, 143
371, 494
868, 277
995, 590
474, 291
984, 527
38, 634
600, 628
153, 310
668, 310
176, 584
209, 354
989, 904
829, 200
550, 38
533, 558
404, 781
410, 904
846, 272
916, 405
284, 321
307, 900
528, 323
985, 260
570, 33
617, 6
360, 98
355, 179
731, 702
740, 184
95, 633
766, 273
530, 851
124, 176
934, 728
401, 392
644, 570
893, 709
969, 524
557, 231
237, 891
342, 527
58, 949
3, 697
233, 789
775, 743
369, 680
532, 541
70, 899
979, 8
400, 4
574, 381
90, 396
920, 820
403, 59
302, 477
356, 992
941, 644
693, 414
556, 945
40, 279
959, 331
872, 761
660, 843
851, 942
298, 992
373, 603
999, 225
397, 463
874, 919
749, 800
792, 176
821, 105
520, 85
382, 866
145, 76
759, 775
536, 105
300, 983
278, 549
541, 152
107, 928
153, 914
729, 107
378, 902
54, 955
483, 127
233, 198
284, 656
523, 105
533, 18
793, 668
125, 292
627, 682
231, 426
930, 905
834, 124
38, 37
496, 339
594, 119
74, 875
354, 648
847, 557
214, 587
44, 483
853, 89
757, 577
221, 647
681, 235
661, 849
106, 912
36, 943
332, 292
984, 426
897, 829
56, 578
578, 323
232, 410
350, 425
260, 798
887, 394
324, 114
113, 997
232, 545
746, 794
58, 245
188, 205
497, 446
224, 520
701, 833
763, 121
444, 109
520, 342
119, 676
827, 870
616, 380
846, 714
711, 940
838, 959
105, 943
540, 936
141, 163
961, 80
953, 991
824, 185
658, 654
764, 940
282, 102
130, 636
858, 753
485, 309
24, 474
767, 331
642, 87
383, 957
893, 747
262, 923
4, 35
26, 223
760, 957
963, 202
142, 418
872, 727
715, 776
530, 355
664, 573
400, 367
699, 688
776, 167
124, 693
793, 159
434, 369
404, 55
631, 438
747, 782
337, 391
810, 711
790, 479
608, 34
389, 506
79, 490
857, 54
94, 831
350, 908
602, 222
733, 826
196, 395
802, 520
958, 600
735, 433
177, 706
769, 72
903, 339
373, 559
65, 511
1, 115
521, 497
680, 859
119, 615
190, 31
857, 721
468, 275
795, 53
6, 271
56, 106
164, 741
813, 233
572, 933
844, 716
580, 298
413, 910
759, 581
792, 934
901, 791
822, 912
985, 91
719, 680
733, 454
77, 514
620, 739
832, 485
71, 136
69, 645
714, 643
293, 914
176, 646
227, 706
640, 287
78, 372
284, 542
985, 901
933, 621
427, 704
571, 18
758, 856
342, 543
680, 942
940, 413
408, 101
15, 654
652, 702
408, 543
182, 879
603, 401
295, 261
514, 239
861, 280
337, 447
465, 288
145, 260
803, 575
518, 839
252, 835
937, 458
464, 660
714, 304
848, 116
347, 123
876, 30
643, 951
542, 171
803, 157
956, 403
44, 140
752, 422
349, 541
380, 556
391, 219
29, 984
996, 680
985, 845
313, 711
186, 185
567, 13
964, 62
233, 211
720, 858
262, 36
529, 677
451, 658
199, 281
189, 152
372, 579
915, 933
613, 401
599, 911
622, 950
135, 912
925, 808
222, 703
266, 241
100, 455
844, 338
367, 714
372, 725
358, 818
323, 571
502, 900
833, 695
448, 417
680, 446
397, 47
312, 303
463, 884
939, 237
831, 686
493, 205
544, 931
997, 689
766, 263
82, 369
940, 125
377, 405
452, 794
563, 210
8, 252
652, 243
546, 757
642, 964
553, 362
400, 581
139, 384
667, 893
935, 35
298, 664
33, 701
178, 732
489, 325
119, 555
117, 941
546, 34
278, 126
883, 198
162, 824
538, 877
459, 67
452, 938
832, 950
985, 119
136, 119
172, 635
368, 169
847, 351
258, 857
151, 318
353, 376
854, 697
247, 631
807, 737
615, 409
476, 346
284, 426
376, 280
752, 468
939, 713
348, 888
409, 112
815, 716
926, 256
575, 73
801, 77
126, 928
911, 655
393, 373
134, 718
416, 360
138, 962
243, 53
873, 514
579, 995
883, 813
925, 927
996, 292
901, 740
165, 922
351, 476
756, 967
622, 829
202, 19
737, 367
79, 336
650, 506
559, 217
83, 893
240, 432
245, 14
942, 123
768, 522
614, 290
212, 669
497, 780
747, 915
744, 605
624, 721
441, 298
986, 713
219, 520
90, 636
530, 130
563, 525
540, 770
246, 160
35, 482
772, 366
387, 649
429, 336
603, 236
841, 528
602, 347
997, 817
530, 43
915, 983
619, 102
232, 5
531, 501
624, 147
308, 71
905, 222
588, 695
344, 29
717, 327
563, 126
6, 320
19, 404
573, 608
651, 16
351, 103
205, 567
924, 322
176, 790
937, 455
878, 800
374, 597
292, 783
164, 314
641, 637
115, 881
201, 204
960, 121
730, 572
940, 533
988, 733
652, 291
614, 546
336, 577
384, 790
942, 273
871, 615
398, 668
982, 163
152, 915
796, 623
179, 619
741, 350
922, 491
376, 823
908, 863
506, 364
910, 913
842, 472
614, 246
872, 226
193, 556
576, 743
258, 944
859, 558
533, 763
382, 655
5, 64
555, 475
650, 280
495, 283
648, 911
824, 1
474, 910
509, 666
244, 88
997, 381
124, 438
382, 573
484, 734
497, 241
896, 17
434, 232
707, 254
886, 989
625, 710
621, 381
382, 273
535, 445
463, 208
649, 44
425, 707
145, 646
571, 901
988, 527
120, 407
777, 485
69, 369
623, 211
552, 129
839, 861
242, 177
450, 460
257, 976
185, 338
382, 720
427, 834
832, 808
61, 925
804, 755
163, 49
887, 925
294, 292
503, 956
85, 269
130, 55
233, 924
736, 724
700, 35
373, 345
65, 237
423, 108
268, 845
122, 607
715, 329
731, 926
851, 230
522, 618
574, 497
118, 25
432, 12
288, 248
324, 665
53, 25
722, 25
614, 778
886, 140
985, 38
645, 154
836, 107
385, 360
942, 567
185, 237
86, 464
489, 111
123, 205
805, 922
939, 412
789, 130
507, 344
123, 511
651, 121
159, 361
516, 988
447, 157
869, 352
919, 833
422, 812
276, 456
567, 508
65, 118
392, 43
455, 871
1, 683
28, 596
107, 860
981, 503
864, 111
99, 493
650, 732
436, 899
732, 871
683, 707
515, 506
366, 312
782, 83
126, 432
655, 174
209, 933
529, 8
868, 237
92, 988
451, 849
342, 309
393, 903
802, 344
216, 182
889, 886
392, 251
563, 405
840, 758
542, 345
871, 318
603, 197
205, 81
670, 484
472, 425
275, 115
424, 276
179, 617
962, 817
999, 981
867, 530
781, 241
998, 611
721, 697
42, 190
860, 616
813, 266
699, 463
947, 371
796, 369
484, 771
47, 423
393, 260
430, 226
559, 707
237, 429
22, 778
389, 18
715, 372
562, 463
79, 110
728, 774
237, 244
615, 427
148, 184
308, 764
187, 633
893, 355
934, 932
639, 323
105, 493
272, 876
247, 479
204, 13
828, 962
424, 766
893, 907
152, 152
931, 130
667, 119
235, 80
713, 975
330, 775
707, 958
634, 264
110, 347
223, 91
922, 734
747, 822
137, 126
245, 576
835, 561
66, 138
268, 987
459, 997
77, 935
262, 694
469, 142
453, 945
561, 529
876, 87
530, 671
405, 451
274, 452
579, 505
81, 411
324, 824
962, 916
256, 390
388, 582
870, 67
761, 817
960, 132
77, 583
112, 765
852, 991
662, 988
791, 734
186, 68
573, 65
476, 117
941, 6
274, 153
543, 255
190, 882
949, 283
101, 60
544, 711
646, 413
178, 974
965, 758
98, 382
116, 627
47, 241
307, 654
772, 972
330, 135
288, 713
321, 605
839, 184
467, 511
923, 789
852, 920
333, 467
441, 498
608, 863
597, 758
386, 58
299, 65
720, 785
110, 958
94, 492
557, 440
397, 734
918, 230
93, 237
378, 386
306, 16
836, 230
728, 992
207, 629
388, 688
746, 157
222, 126
911, 397
356, 294
138, 373
814, 802
536, 696
278, 563
152, 807
193, 372
740, 530
760, 851
195, 576
206, 840
880, 755
912, 594
72, 978
376, 486
781, 983
357, 84
886, 919
967, 523
438, 774
581, 598
970, 591
473, 126
330, 62
639, 234
426, 877
632, 197
143, 307
285, 896
735, 215
550, 13
97, 516
787, 907
782, 335
110, 107
705, 573
516, 43
170, 27
89, 989
575, 852
729, 80
277, 2
661, 714
610, 772
987, 298
664, 345
213, 538
797, 113
449, 353
460, 932
505, 911
306, 165
544, 21
362, 476
680, 985
66, 938
292, 410
124, 695
468, 953
603, 86
432, 807
345, 267
381, 997
350, 143
427, 182
93, 810
327, 932
305, 751
228, 871
857, 667
605, 260
670, 275
322, 897
202, 794
881, 142
950, 806
425, 665
662, 295
790, 806
988, 13
175, 217
501, 433
185, 503
726, 806
474, 765
25, 935
562, 431
681, 48
194, 885
27, 883
689, 75
92, 977
625, 467
273, 755
120, 415
985, 614
399, 647
150, 486
645, 936
53, 229
164, 471
902, 431
479, 79
964, 583
467, 673
101, 343
321, 508
975, 193
300, 298
65, 601
567, 420
420, 50
889, 966
903, 922
151, 534
5, 956
739, 668
747, 259
843, 218
892, 63
406, 662
522, 993
186, 79
377, 850
803, 839
611, 443
845, 370
336, 31
954, 86
972, 591
900, 105
125, 329
589, 639
858, 872
935, 784
798, 102
95, 342
773, 320
522, 633
472, 151
946, 325
695, 84
467, 143
230, 384
975, 421
879, 554
884, 227
219, 4
877, 473
609, 77
531, 164
858, 407
79, 978
963, 632
135, 602
279, 788
224, 81
224, 975
359, 691
113, 806
361, 686
266, 992
996, 245
70, 485
914, 225
742, 31
438, 445
423, 600
584, 869
823, 386
174, 719
800, 103
78, 398
442, 377
535, 789
475, 555
899, 896
493, 741
578, 247
473, 915
946, 492
937, 215
167, 736
606, 712
451, 752
471, 429
884, 625
376, 624
1, 962
751, 170
725, 888
785, 579
672, 976
223, 630
898, 251
743, 48
263, 844
933, 33
745, 783
535, 891
672, 196
174, 358
982, 557
519, 902
72, 335
224, 623
554, 149
125, 361
991, 578
829, 348
749, 889
86, 925
310, 364
147, 19
262, 55
604, 682
41, 934
843, 778
32, 375
711, 715
338, 104
253, 935
648, 244
822, 730
78, 991
881, 4
281, 827
192, 319
690, 591
998, 691
726, 952
238, 602
732, 119
494, 82
797, 764
868, 205
492, 487
731, 473
203, 492
484, 905
909, 634
813, 365
36, 190
133, 357
49, 726
30, 132
734, 775
894, 268
702, 467
583, 740
298, 851
338, 452
277, 790
635, 421
327, 481
115, 119
836, 588
131, 928
638, 872
950, 264
396, 687
814, 980
600, 483
302, 708
448, 303
154, 885
689, 746
889, 845
266, 967
448, 524
643, 945
886, 915
195, 831
703, 17
633, 833
872, 653
985, 382
217, 686
394, 585
240, 519
404, 195
293, 395
240, 446
413, 182
58, 858
804, 213
480, 53
884, 42
59, 675
861, 939
944, 44
426, 733
420, 929
867, 643
514, 814
361, 107
502, 271
717, 655
189, 94
305, 130
695, 600
5, 109
151, 175
850, 890
181, 562
958, 711
445, 126
407, 385
380, 865
31, 274
382, 247
518, 745
400, 236
683, 235
717, 941
541, 988
449, 412
587, 547
789, 600
514, 789
853, 322
448, 472
209, 650
867, 208
482, 942
189, 898
995, 216
453, 707
294, 747
689, 136
124, 11
775, 582
481, 573
525, 362
503, 622
945, 391
215, 356
6, 745
953, 425
719, 225
476, 788
4, 908
615, 471
219, 457
945, 261
272, 908
842, 421
346, 47
761, 324
298, 223
614, 264
973, 243
341, 182
607, 331
557, 294
434, 678
586, 33
504, 439
248, 553
814, 723
983, 546
967, 86
485, 178
502, 666
889, 246
862, 152
748, 856
38, 835
519, 89
735, 645
323, 76
461, 170
609, 261
814, 965
41, 209
755, 980
418, 376
554, 75
741, 903
501, 408
561, 630
486, 363
551, 309
398, 524
521, 70
498, 485
655, 196
809, 959
924, 616
826, 975
955, 317
694, 933
8, 725
628, 600
9, 101
84, 481
845, 922
231, 922
447, 748
818, 981
466, 320
869, 668
627, 122
90, 678
6, 903
221, 268
202, 961
687, 267
219, 562
16, 667
501, 228
150, 100
22, 698
446, 733
714, 821
494, 616
284, 181
655, 715
393, 911
166, 97
366, 399
713, 739
6, 920
834, 752
771, 226
806, 202
302, 272
970, 309
42, 677
850, 768
384, 757
290, 344
59, 20
283, 297
746, 805
556, 450
189, 464
384, 621
725, 548
126, 571
773, 497
121, 932
241, 428
457, 444
212, 636
393, 307
4, 597
969, 35
684, 415
572, 253
55, 430
895, 481
102, 244
144, 631
554, 180
677, 270
555, 680
108, 150
594, 148
784, 917
576, 807
756, 529
916, 580
348, 725
330, 600
383, 272
753, 385
982, 630
261, 208
388, 126
397, 168
848, 417
567, 304
452, 308
225, 162
321, 589
118, 153
734, 77
154, 35
987, 434
706, 485
222, 370
352, 460
668, 204
331, 614
134, 408
825, 80
384, 982
642, 392
554, 188
777, 219
372, 875
304, 248
635, 106
892, 459
296, 622
345, 599
411, 518
75, 697
663, 431
839, 406
838, 797
131, 664
408, 574
762, 773
992, 963
190, 892
492, 365
823, 847
658, 127
101, 68
19, 306
824, 446
496, 430
213, 251
657, 511
309, 52
68, 847
421, 792
566, 476
791, 536
780, 910
627, 334
181, 272
399, 803
871, 839
145, 500
299, 890
320, 321
573, 147
658, 885
937, 582
782, 319
112, 357
185, 203
91, 30
940, 977
311, 871
143, 920
723, 844
35, 542
395, 594
484, 532
853, 46
193, 156
41, 778
713, 851
171, 330
39, 495
50, 635
665, 224
201, 142
13, 957
877, 864
708, 157
51, 600
546, 95
627, 798
844, 30
538, 833
963, 389
241, 931
261, 676
523, 764
399, 300
877, 926
68, 416
373, 78
295, 433
942, 603
203, 355
451, 346
144, 750
132, 430
263, 341
730, 671
602, 227
255, 323
439, 216
868, 131
57, 838
606, 745
176, 477
262, 980
583, 471
178, 205
551, 138
240, 629
412, 695
388, 373
396, 675
254, 119
442, 350
918, 510
993, 234
72, 139
884, 402
879, 679
11, 412
883, 493
698, 946
84, 414
395, 601
297, 677
402, 807
483, 37
156, 798
500, 737
599, 951
185, 771
910, 592
346, 609
640, 794
207, 577
71, 3
949, 442
208, 769
371, 386
63, 604
411, 20
57, 465
615, 894
984, 566
869, 467
238, 935
880, 54
15, 148
295, 226
804, 656
659, 854
648, 227
996, 961
347, 857
461, 719
91, 410
875, 872
119, 501
419, 842
309, 455
390, 288
694, 548
48, 622
849, 709
717, 343
197, 5
232, 377
338, 198
55, 580
652, 37
447, 868
92, 743
596, 674
516, 211
18, 15
655, 177
725, 761
383, 349
59, 774
117, 232
237, 776
505, 667
217, 821
402, 195
232, 272
492, 54
149, 31
57, 584
148, 746
113, 925
103, 166
927, 769
118, 828
954, 311
895, 529
306, 72
91, 485
306, 163
359, 660
284, 708
762, 943
975, 776
360, 264
10, 384
310, 508
27, 123
244, 413
241, 306
617, 363
892, 196
620, 865
350, 550
714, 63
723, 8
717, 425
720, 7
135, 831
95, 47
432, 495
356, 457
933, 742
155, 735
41, 177
540, 748
296, 11
876, 785
687, 268
331, 578
586, 753
530, 406
765, 303
487, 251
298, 900
748, 582
40, 82
824, 456
191, 325
502, 331
432, 232
243, 395
180, 728
997, 471
49, 219
973, 680
439, 636
291, 503
754, 204
457, 130
713, 405
487, 205
661, 105
430, 664
347, 204
436, 284
679, 779
860, 32
503, 211
431, 209
889, 553
541, 404
907, 328
885, 184
315, 14
771, 342
899, 380
837, 610
274, 912
116, 619
903, 974
753, 904
936, 583
794, 613
822, 440
345, 225
981, 64
744, 238
774, 241
607, 981
675, 89
469, 378
988, 574
838, 658
277, 615
589, 954
211, 181
116, 694
660, 147
939, 262
488, 834
898, 636
874, 821
62, 995
976, 649
90, 669
399, 652
578, 912
570, 388
355, 417
723, 200
733, 296
990, 934
434, 849
111, 650
485, 373
362, 951
773, 735
730, 588
589, 187
857, 707
711, 680
592, 256
996, 289
706, 514
714, 351
647, 782
716, 447
648, 990
640, 502
876, 112
63, 477
213, 590
178, 188
376, 943
2, 768
800, 233
841, 65
355, 744
258, 838
541, 413
195, 325
124, 541
531, 912
414, 125
237, 171
649, 642
232, 300
841, 214
157, 763
531, 217
802, 512
577, 331
75, 643
833, 284
698, 685
362, 375
268, 893
157, 487
612, 799
322, 924
566, 849
501, 971
185, 151
266, 342
911, 695
559, 797
480, 713
709, 488
773, 907
944, 542
269, 471
364, 307
794, 537
336, 522
798, 758
959, 659
982, 716
867, 460
155, 520
567, 485
634, 66
780, 126
614, 114
373, 489
383, 739
210, 318
625, 653
542, 927
801, 771
881, 879
890, 599
315, 840
300, 872
744, 535
20, 807
874, 311
789, 655
121, 6
847, 756
495, 495
165, 230
235, 706
633, 142
265, 778
9, 434
385, 146
986, 899
123, 700
235, 638
446, 220
531, 608
263, 672
30, 673
429, 736
583, 877
459, 924
982, 748
242, 47
177, 967
753, 507
653, 186
437, 138
839, 639
278, 912
132, 426
34, 76
100, 16
689, 649
386, 130
359, 118
394, 969
70, 170
217, 377
344, 312
820, 746
932, 450
588, 473
465, 721
634, 779
206, 95
523, 118
134, 592
594, 623
105, 175
645, 332
653, 464
634, 40
769, 723
388, 204
950, 465
915, 560
385, 235
956, 504
635, 850
297, 942
61, 193
786, 820
795, 547
723, 732
64, 900
716, 368
760, 717
793, 703
907, 529
995, 533
445, 209
444, 262
766, 830
33, 753
47, 754
947, 330
503, 108
8, 85
817, 298
551, 731
451, 881
951, 267
970, 212
741, 96
981, 229
439, 88
351, 426
256, 235
340, 469
223, 641
324, 388
848, 171
256, 827
477, 856
939, 74
307, 380
648, 391
603, 610
58, 970
200, 696
137, 39
817, 991
578, 488
309, 74
67, 919
307, 533
56, 391
218, 155
364, 312
738, 48
428, 303
694, 398
360, 428
399, 649
698, 419
810, 951
942, 835
675, 628
54, 520
791, 984
517, 121
513, 98
606, 573
238, 83
131, 970
273, 328
726, 560
988, 320
969, 87
858, 739
690, 19
854, 668
648, 984
857, 529
866, 702
176, 648
99, 383
309, 689
124, 705
675, 547
227, 256
168, 948
620, 954
393, 508
248, 590
961, 251
271, 290
627, 816
697, 920
974, 484
132, 563
299, 150
191, 231
288, 960
859, 316
924, 963
264, 86
40, 92
600, 884
826, 433
36, 200
843, 788
956, 308
580, 470
954, 5
921, 554
57, 438
22, 572
532, 600
268, 310
626, 391
477, 192
284, 890
126, 870
303, 237
789, 305
445, 692
0, 984
454, 753
758, 580
486, 760
551, 31
603, 543
496, 573
235, 135
878, 764
957, 861
103, 356
226, 593
182, 582
887, 881
573, 324
308, 684
437, 925
857, 115
875, 547
579, 344
239, 426
351, 534
670, 735
852, 587
800, 548
256, 809
754, 256
838, 834
716, 937
613, 77
761, 641
919, 921
36, 198
745, 776
472, 264
690, 676
211, 64
151, 394
333, 233
781, 3
164, 485
741, 390
224, 919
208, 579
656, 292
286, 821
94, 417
967, 205
333, 131
747, 713
741, 158
222, 789
183, 952
185, 725
729, 868
354, 319
61, 245
516, 95
675, 285
930, 724
897, 683
453, 568
125, 992
475, 420
485, 458
968, 222
363, 227
179, 542
268, 547
415, 717
388, 349
594, 121
217, 449
86, 463
187, 244
927, 368
936, 437
781, 380
153, 61
872, 608
182, 638
865, 840
735, 545
444, 397
466, 3
704, 212
333, 854
655, 298
113, 550
146, 741
462, 653
90, 426
158, 398
460, 223
831, 311
950, 684
876, 365
910, 167
564, 611
614, 707
919, 382
236, 318
969, 252
155, 243
985, 82
735, 653
79, 447
197, 177
400, 238
901, 9
693, 583
948, 203
371, 922
533, 211
918, 287
670, 148
818, 837
441, 258
502, 139
574, 596
250, 839
286, 309
839, 681
919, 835
845, 239
175, 173
376, 890
812, 123
334, 747
35, 346
846, 604
441, 57
315, 16
508, 883
831, 817
656, 82
743, 433
115, 294
130, 582
174, 386
559, 327
569, 349
824, 936
683, 382
80, 511
115, 70
127, 278
646, 909
792, 795
612, 154
236, 975
409, 621
915, 332
914, 524
910, 397
724, 440
789, 822
758, 646
28, 966
477, 793
216, 460
90, 592
501, 695
490, 88
243, 645
973, 103
724, 831
163, 382
258, 991
389, 430
870, 520
342, 465
111, 660
978, 452
246, 491
303, 455
399, 814
509, 393
482, 253
898, 0
455, 77
260, 871
605, 531
522, 424
854, 863
384, 263
729, 76
88, 78
531, 192
684, 66
521, 129
943, 987
733, 921
174, 452
804, 567
996, 424
648, 259
142, 256
32, 253
117, 17
280, 886
315, 853
931, 9
202, 403
470, 814
943, 238
577, 991
264, 238
43, 310
229, 790
215, 847
459, 225
834, 863
116, 601
618, 866
105, 585
790, 251
612, 420
823, 74
888, 166
404, 293
637, 184
774, 982
644, 253
44, 817
665, 226
803, 259
474, 476
429, 637
504, 942
528, 400
651, 961
381, 670
744, 263
430, 204
850, 985
169, 834
168, 839
92, 943
113, 165
391, 136
747, 130
606, 546
184, 221
516, 387
787, 40
1, 396
66, 790
54, 734
290, 811
148, 836
22, 140
331, 669
964, 191
708, 424
912, 77
207, 99
645, 12
585, 165
553, 181
573, 101
497, 692
483, 574
660, 564
727, 537
373, 951
443, 875
896, 395
938, 775
551, 860
290, 646
97, 815
827, 497
15, 95
628, 413
514, 920
612, 202
128, 364
928, 95
984, 789
740, 7
234, 709
457, 183
310, 130
342, 395
394, 861
677, 632
130, 491
938, 504
269, 497
417, 567
121, 136
500, 29
477, 249
390, 780
787, 813
523, 130
666, 21
503, 980
727, 976
838, 845
478, 121
965, 867
723, 960
457, 255
822, 993
129, 226
607, 295
545, 629
409, 84
898, 935
418, 548
921, 773
753, 436
412, 424
269, 480
954, 602
821, 99
411, 271
526, 545
538, 220
446, 701
996, 19
0, 54
490, 893
181, 409
309, 740
513, 599
387, 230
654, 618
451, 799
754, 275
727, 405
676, 575
120, 138
359, 554
255, 10
29, 157
211, 252
145, 29
790, 54
794, 326
277, 99
329, 308
278, 664
816, 335
963, 729
486, 570
497, 690
828, 514
69, 970
332, 539
697, 324
576, 362
743, 260
314, 74
400, 886
985, 461
769, 678
694, 667
354, 399
129, 510
432, 317
359, 615
130, 930
252, 188
79, 199
875, 584
298, 128
389, 804
878, 42
928, 55
516, 278
308, 265
284, 637
37, 3
865, 639
308, 166
133, 298
580, 668
208, 615
166, 832
768, 287
416, 42
846, 67
461, 157
212, 724
354, 389
6, 729
366, 15
18, 291
282, 403
921, 235
533, 590
610, 407
22, 113
297, 818
458, 189
583, 66
485, 226
383, 429
505, 946
687, 947
676, 859
226, 693
336, 395
150, 596
832, 970
913, 424
831, 365
831, 523
342, 853
394, 480
546, 152
378, 977
758, 383
329, 113
60, 615
475, 16
62, 89
836, 701
650, 398
721, 986
762, 482
847, 634
157, 593
799, 30
511, 851
355, 545
875, 409
793, 733
198, 633
249, 474
491, 611
52, 76
129, 553
303, 888
226, 779
261, 24
658, 989
582, 461
843, 168
371, 733
279, 706
468, 727
460, 154
139, 261
87, 11
622, 740
816, 578
483, 674
562, 298
429, 787
163, 788
129, 691
504, 822
342, 712
797, 699
406, 713
440, 76
582, 874
487, 901
264, 722
462, 574
153, 886
912, 279
929, 988
775, 474
614, 358
401, 939
113, 96
160, 257
957, 455
168, 957
34, 363
589, 609
862, 616
690, 76
650, 126
364, 153
784, 155
144, 276
102, 713
423, 271
562, 68
164, 825
82, 675
482, 324
634, 391
106, 651
612, 20
636, 695
771, 474
952, 679
832, 774
929, 316
944, 616
681, 425
697, 398
466, 104
281, 259
287, 983
659, 716
107, 769
772, 293
665, 214
909, 384
210, 654
333, 33
807, 162
830, 165
133, 88
514, 126
524, 814
270, 563
174, 343
326, 552
268, 813
583, 337
983, 375
589, 355
92, 648
302, 851
884, 302
465, 635
152, 691
131, 647
774, 285
99, 645
560, 298
641, 722
274, 87
900, 319
657, 542
269, 835
543, 992
640, 211
62, 635
937, 943
930, 946
989, 754
402, 83
368, 120
118, 176
826, 820
542, 30
117, 820
139, 168
62, 370
205, 148
140, 331
542, 748
383, 781
76, 956
254, 673
427, 358
441, 595
68, 181
709, 162
334, 186
568, 536
356, 228
396, 686
408, 847
996, 458
789, 613
362, 136
269, 684
640, 97
122, 697
56, 247
842, 902
83, 849
363, 910
448, 145
681, 697
925, 17
55, 389
236, 321
131, 463
76, 584
73, 273
957, 790
240, 342
392, 949
548, 362
616, 448
649, 391
301, 700
845, 13
710, 750
767, 878
619, 988
661, 174
637, 207
792, 793
66, 65
208, 217
559, 375
676, 448
162, 303
103, 225
968, 779
831, 753
766, 269
371, 28
258, 828
168, 490
664, 229
436, 830
623, 653
719, 580
797, 41
768, 279
727, 709
12, 796
21, 241
372, 468
221, 989
611, 555
935, 339
519, 982
473, 193
422, 688
518, 137
791, 211
143, 493
534, 862
141, 293
2, 654
450, 220
813, 366
834, 824
165, 186
93, 407
98, 776
759, 29
574, 618
306, 584
73, 997
560, 176
669, 216
78, 55
348, 555
209, 571
791, 702
421, 11
835, 605
143, 255
15, 1
129, 236
265, 113
731, 240
824, 840
189, 389
917, 898
466, 101
156, 586
493, 545
116, 857
559, 54
66, 260
217, 980
588, 253
606, 360
948, 603
68, 736
976, 566
758, 152
893, 153
403, 299
752, 811
749, 869
766, 260
117, 243
297, 235
495, 677
9, 715
969, 64
776, 597
552, 575
663, 724
642, 621
125, 640
145, 752
51, 18
829, 548
769, 155
416, 931
174, 536
771, 533
562, 823
891, 618
682, 572
169, 212
787, 458
534, 74
47, 803
795, 529
281, 172
542, 940
840, 685
840, 724
655, 609
145, 256
790, 181
4, 268
886, 352
924, 247
459, 920
730, 446
520, 599
402, 617
146, 567
91, 197
137, 427
112, 633
357, 977
938, 953
561, 364
545, 84
704, 351
56, 550
797, 943
863, 332
130, 609
208, 946
563, 650
569, 610
159, 61
840, 12
998, 296
625, 953
258, 355
720, 563
999, 819
523, 617
167, 704
999, 931
263, 317
278, 214
160, 394
396, 486
96, 75
136, 318
330, 255
903, 977
282, 328
36, 880
443, 892
63, 108
725, 795
851, 938
869, 245
914, 850
64, 485
879, 192
678, 577
652, 627
297, 126
733, 141
470, 628
308, 988
868, 752
996, 696
156, 663
810, 59
998, 234
479, 661
863, 219
704, 745
289, 928
505, 935
915, 967
445, 509
650, 212
192, 530
870, 472
224, 853
549, 90
105, 572
632, 58
292, 916
929, 982
553, 123
868, 793
721, 258
545, 157
476, 578
87, 460
673, 273
155, 90
562, 865
718, 25
467, 139
711, 620
678, 572
488, 695
29, 322
797, 418
563, 583
193, 17
526, 284
214, 738
199, 2
627, 653
743, 224
89, 134
511, 658
797, 160
132, 978
550, 860
908, 162
484, 391
161, 937
872, 281
298, 724
360, 65
156, 824
178, 574
227, 355
579, 157
291, 323
981, 20
532, 802
132, 130
342, 664
826, 682
425, 602
540, 662
295, 586
662, 764
182, 945
121, 22
948, 338
693, 299
808, 528
851, 624
996, 451
605, 184
666, 881
545, 737
772, 360
963, 724
386, 197
136, 855
619, 34
979, 798
173, 801
139, 101
752, 121
1, 184
160, 913
364, 852
388, 509
390, 970
59, 406
767, 287
11, 183
381, 730
585, 750
784, 869
19, 556
358, 115
216, 192
666, 849
34, 321
234, 667
872, 546
55, 598
920, 612
19, 445
85, 332
515, 786
868, 96
198, 248
117, 453
9, 334
450, 137
681, 719
569, 18
339, 699
719, 603
149, 573
524, 591
203, 557
2, 444
776, 574
360, 87
536, 292
892, 228
33, 734
421, 10
499, 43
762, 871
889, 532
232, 331
286, 581
154, 303
894, 788
345, 678
475, 449
24, 699
139, 251
895, 736
317, 675
761, 788
150, 350
745, 182
405, 1
533, 860
543, 647
228, 117
420, 830
970, 382
413, 666
468, 315
14, 888
491, 844
580, 153
180, 739
879, 249
600, 942
476, 29
30, 345
205, 234
881, 915
385, 749
931, 109
843, 805
824, 901
216, 608
496, 292
488, 582
736, 340
79, 420
670, 268
562, 958
339, 270
967, 39
625, 721
636, 525
274, 506
967, 21
179, 557
810, 162
771, 355
999, 378
960, 619
959, 487
907, 48
317, 38
348, 929
199, 879
270, 687
408, 519
44, 895
753, 397
770, 670
227, 72
235, 301
656, 389
767, 6
625, 655
142, 727
128, 585
975, 402
331, 797
676, 676
715, 883
402, 299
546, 476
873, 798
468, 652
724, 995
297, 47
436, 959
965, 953
961, 203
282, 943
880, 103
857, 410
207, 207
883, 541
776, 236
887, 599
427, 178
976, 433
85, 300
647, 796
843, 162
121, 944
250, 279
834, 439
734, 211
666, 116
879, 614
821, 524
417, 438
674, 57
8, 193
723, 913
699, 435
87, 51
847, 136
298, 734
31, 42
673, 420
211, 281
492, 507
975, 945
911, 510
386, 206
645, 732
141, 803
348, 671
585, 149
936, 71
474, 284
420, 23
110, 673
715, 71
843, 493
774, 388
247, 54
351, 618
480, 223
781, 262
346, 867
22, 426
450, 488
989, 371
794, 387
671, 926
301, 269
942, 443
866, 763
256, 10
750, 709
115, 382
352, 998
573, 466
728, 185
52, 354
133, 427
915, 74
797, 583
970, 256
182, 944
565, 993
788, 836
951, 859
869, 655
364, 560
294, 620
618, 480
298, 647
184, 543
897, 379
806, 236
662, 30
613, 73
329, 812
756, 583
928, 864
52, 321
180, 717
372, 3
915, 402
22, 88
920, 210
209, 992
535, 219
950, 393
629, 432
815, 756
181, 643
455, 428
364, 862
78, 563
236, 292
361, 130
486, 417
171, 733
174, 401
611, 193
537, 94
665, 172
565, 72
856, 615
723, 546
190, 671
452, 904
119, 997
913, 168
460, 197
680, 149
918, 174
907, 166
919, 89
634, 81
528, 883
55, 171
595, 193
809, 621
167, 804
475, 532
789, 709
707, 279
447, 908
105, 972
121, 260
434, 785
303, 40
481, 693
127, 575
458, 116
639, 655
848, 865
486, 235
39, 657
542, 6
715, 866
498, 331
591, 774
746, 945
557, 696
834, 220
260, 991
37, 489
64, 93
209, 164
819, 874
740, 201
788, 667
677, 226
584, 179
45, 571
902, 300
426, 895
841, 493
541, 525
745, 398
742, 727
569, 357
450, 779
943, 633
508, 12
213, 114
133, 600
178, 1
180, 810
381, 763
415, 577
473, 635
480, 841
366, 666
416, 374
101, 111
468, 158
289, 670
656, 919
283, 584
698, 516
116, 496
497, 832
994, 294
57, 29
606, 728
363, 472
314, 431
97, 844
218, 32
496, 514
24, 671
694, 964
235, 314
898, 350
866, 518
366, 949
133, 982
628, 863
244, 127
855, 686
510, 851
282, 571
767, 176
209, 732
246, 337
8, 705
21, 270
584, 702
404, 609
479, 835
136, 270
604, 846
61, 269
748, 233
271, 306
509, 956
527, 781
958, 143
875, 646
983, 519
576, 121
744, 343
46, 597
558, 680
867, 802
73, 38
884, 3
624, 29
614, 945
251, 373
681, 885
19, 112
256, 208
206, 329
848, 131
605, 189
532, 776
725, 349
381, 930
733, 284
322, 249
252, 158
187, 206
151, 229
602, 802
39, 755
219, 283
843, 58
739, 475
959, 49
590, 939
715, 916
617, 474
405, 441
725, 998
247, 490
648, 47
253, 852
81, 187
341, 756
863, 35
670, 381
791, 83
910, 513
914, 531
822, 869
785, 856
330, 538
979, 402
401, 87
929, 56
103, 0
852, 929
117, 708
816, 285
320, 458
191, 680
115, 990
855, 335
218, 25
247, 121
977, 40
930, 32
787, 660
99, 261
317, 540
540, 29
958, 772
480, 745
382, 427
238, 297
329, 703
45, 781
116, 796
821, 901
374, 686
79, 420
453, 704
364, 9
271, 592
132, 815
844, 588
361, 24
121, 155
582, 193
842, 504
559, 820
602, 523
319, 604
857, 70
757, 493
913, 232
936, 836
197, 718
662, 652
467, 468
409, 794
171, 664
171, 122
315, 644
148, 105
278, 158
681, 59
664, 232
654, 353
846, 521
105, 411
599, 111
830, 41
45, 149
617, 492
639, 865
881, 378
500, 162
158, 404
509, 816
326, 307
718, 787
371, 359
712, 382
256, 26
789, 910
22, 361
755, 741
890, 204
48, 152
17, 859
238, 39
553, 250
654, 738
906, 712
371, 164
303, 584
944, 89
472, 675
53, 8
271, 80
441, 842
583, 293
849, 548
701, 825
685, 249
289, 70
321, 923
13, 842
554, 975
139, 272
856, 925
367, 795
822, 152
513, 839
271, 875
717, 784
429, 712
613, 653
478, 630
879, 314
384, 163
438, 168
363, 705
33, 804
76, 269
547, 172
319, 284
437, 914
105, 141
368, 302
86, 376
440, 438
91, 867
497, 53
719, 921
437, 376
897, 104
161, 227
31, 260
529, 194
719, 107
744, 428
342, 38
532, 533
835, 799
175, 900
690, 921
140, 616
21, 133
55, 637
13, 741
845, 844
71, 262
522, 358
553, 103
562, 404
184, 624
14, 306
839, 527
326, 546
799, 674
947, 854
470, 841
975, 87
76, 843
584, 30
226, 442
704, 781
140, 297
400, 579
983, 45
669, 963
621, 167
46, 35
934, 461
487, 725
579, 85
926, 787
226, 401
244, 901
283, 303
745, 829
610, 509
807, 449
28, 102
147, 559
874, 363
883, 168
556, 496
309, 929
6, 490
575, 148
935, 585
338, 853
755, 162
465, 583
764, 390
900, 562
363, 374
829, 59
618, 392
107, 976
497, 845
341, 990
272, 53
895, 2
150, 278
216, 470
323, 86
600, 554
137, 430
821, 417
979, 253
628, 73
484, 342
86, 809
137, 454
299, 194
536, 634
39, 992
994, 160
791, 934
756, 497
935, 7
561, 432
214, 535
952, 51
304, 387
460, 283
625, 284
93, 296
751, 64
258, 231
217, 50
43, 146
659, 609
543, 389
238, 450
457, 652
436, 173
60, 370
421, 650
38, 364
647, 78
714, 850
147, 273
689, 160
743, 898
300, 299
445, 960
921, 695
437, 104
554, 817
469, 675
201, 363
734, 905
907, 261
978, 507
585, 297
148, 625
250, 652
812, 647
897, 939
238, 555
867, 197
245, 36
140, 789
606, 682
709, 47
410, 427
332, 262
524, 496
4, 591
889, 502
479, 589
241, 389
36, 730
21, 405
960, 933
482, 260
296, 180
969, 79
113, 788
187, 927
354, 823
85, 950
446, 38
629, 961
815, 450
392, 518
259, 295
377, 985
391, 295
580, 398
10, 703
883, 415
494, 658
447, 204
131, 608
783, 986
936, 485
875, 868
182, 383
833, 505
375, 997
644, 225
211, 635
282, 373
772, 602
657, 863
630, 134
793, 541
745, 124
84, 592
578, 229
714, 867
88, 515
898, 942
799, 270
619, 731
309, 526
513, 616
989, 520
474, 796
11, 113
248, 131
24, 641
117, 41
985, 770
999, 202
421, 563
78, 65
7, 509
131, 328
412, 158
685, 751
367, 721
593, 198
346, 708
822, 419
902, 357
350, 70
463, 927
49, 468
22, 448
363, 48
465, 443
305, 794
122, 825
983, 436
539, 886
607, 668
219, 906
615, 552
971, 565
923, 789
211, 874
153, 625
445, 674
474, 202
602, 467
263, 189
983, 67
892, 568
4, 458
344, 228
248, 544
802, 304
208, 467
33, 769
558, 532
758, 308
285, 121
795, 911
113, 731
198, 621
811, 715
782, 461
381, 146
956, 27
607, 386
282, 653
957, 855
675, 436
558, 517
49, 60
720, 116
590, 807
718, 5
736, 385
359, 831
898, 287
748, 522
20, 33
412, 130
868, 977
630, 19
226, 502
938, 939
456, 901
313, 496
965, 506
313, 33
39, 555
292, 384
567, 775
414, 3
525, 466
499, 163
645, 546
875, 911
282, 865
719, 505
444, 508
762, 657
506, 900
758, 75
109, 823
730, 424
808, 500
627, 22
378, 375
193, 42
557, 903
801, 44
307, 554
419, 676
533, 589
450, 138
147, 977
230, 564
639, 5
828, 988
412, 100
600, 910
285, 572
300, 580
622, 663
918, 493
890, 179
85, 72
100, 197
139, 504
994, 634
963, 589
505, 493
851, 193
534, 144
597, 31
942, 298
223, 549
129, 227
890, 523
368, 103
634, 808
232, 258
456, 719
575, 333
967, 595
536, 569
415, 930
476, 41
537, 266
297, 362
12, 486
36, 591
818, 235
758, 517
621, 60
221, 127
385, 255
975, 453
786, 193
140, 550
472, 753
36, 28
421, 239
505, 864
578, 311
797, 154
746, 590
826, 185
703, 916
977, 584
63, 324
579, 198
3, 801
994, 906
457, 790
895, 487
515, 929
520, 283
147, 937
248, 25
531, 77
668, 397
583, 629
546, 494
430, 286
610, 875
73, 846
647, 541
448, 428
218, 993
480, 257
538, 466
749, 348
637, 58
435, 249
326, 885
634, 966
596, 994
840, 217
503, 494
369, 623
469, 465
359, 794
222, 116
461, 159
416, 793
259, 294
642, 954
364, 8
609, 279
516, 799
765, 936
282, 150
720, 713
207, 123
746, 575
41, 928
722, 567
35, 752
911, 297
90, 496
142, 327
633, 349
709, 784
415, 997
796, 319
607, 283
434, 913
627, 889
364, 506
81, 186
115, 462
29, 474
226, 189
838, 64
913, 137
816, 928
629, 55
192, 801
798, 339
10, 959
243, 946
860, 617
506, 29
535, 839
25, 871
685, 616
91, 492
34, 715
131, 317
807, 224
153, 396
452, 975
777, 782
473, 996
955, 575
874, 483
100, 198
227, 734
925, 959
182, 762
379, 302
147, 867
582, 822
491, 181
405, 66
462, 298
274, 910
45, 266
262, 51
978, 870
354, 218
768, 852
938, 806
765, 996
110, 863
166, 947
815, 841
663, 313
846, 749
815, 155
805, 603
514, 630
896, 431
834, 911
781, 159
729, 813
17, 487
294, 497
845, 956
171, 411
711, 956
797, 689
2, 878
627, 461
968, 848
804, 795
777, 773
205, 670
581, 673
184, 391
204, 362
202, 265
763, 574
882, 496
259, 608
564, 53
743, 970
848, 714
527, 97
298, 828
975, 495
620, 102
772, 752
777, 177
569, 353
67, 314
579, 125
699, 269
117, 694
655, 581
987, 377
699, 219
285, 82
179, 900
728, 812
307, 477
931, 55
159, 280
457, 55
408, 288
602, 378
504, 828
449, 534
228, 203
137, 567
296, 883
455, 476
558, 347
247, 740
553, 737
567, 327
382, 212
492, 850
906, 893
182, 302
680, 666
494, 136
670, 536
740, 296
215, 899
782, 229
705, 511
210, 237
330, 263
352, 458
785, 883
447, 271
122, 520
765, 292
946, 380
46, 947
84, 978
515, 893
189, 106
5, 607
836, 404
267, 788
377, 893
508, 477
287, 707
942, 212
484, 73
945, 742
386, 958
338, 62
10, 332
310, 736
629, 446
552, 825
432, 818
222, 910
50, 620
513, 841
319, 427
487, 21
234, 606
31, 781
875, 70
380, 328
391, 261
593, 70
806, 753
551, 904
81, 436
254, 103
365, 514
486, 829
670, 415
843, 0
373, 341
300, 682
815, 959
29, 331
12, 691
952, 761
831, 755
508, 546
802, 638
74, 59
514, 235
749, 680
509, 880
295, 588
588, 532
873, 490
524, 961
273, 173
857, 340
31, 302
416, 221
976, 983
881, 247
885, 484
895, 35
271, 311
992, 409
641, 372
960, 853
385, 289
131, 900
214, 611
136, 656
996, 487
789, 993
214, 379
714, 557
805, 542
26, 948
983, 42
354, 273
35, 606
979, 698
903, 676
317, 291
192, 289
900, 449
105, 406
893, 388
382, 453
184, 34
592, 948
491, 898
846, 397
791, 869
143, 182
788, 145
195, 178
206, 119
411, 99
740, 524
973, 955
361, 992
380, 430
235, 254
640, 762
63, 419
669, 232
981, 906
775, 868
402, 125
622, 270
448, 542
662, 818
269, 655
531, 425
380, 9
1, 504
286, 741
347, 733
848, 873
644, 339
924, 911
817, 313
533, 905
30, 944
215, 935
478, 653
823, 663
670, 492
917, 92
453, 201
57, 297
390, 454
187, 695
568, 89
428, 35
298, 212
878, 352
610, 467
412, 411
699, 640
645, 627
642, 177
21, 820
912, 665
866, 938
587, 717
171, 276
971, 977
66, 711
98, 892
104, 494
199, 397
216, 334
746, 809
801, 628
607, 797
326, 799
619, 250
267, 347
285, 884
601, 133
761, 872
201, 125
836, 85
977, 619
113, 286
35, 433
768, 664
473, 252
232, 866
663, 275
74, 840
442, 341
688, 693
929, 709
194, 973
197, 531
656, 956
393, 750
369, 844
130, 370
155, 834
499, 166
770, 923
141, 972
599, 2
842, 156
497, 673
719, 636
345, 185
510, 648
531, 540
848, 59
809, 187
383, 241
963, 530
365, 514
32, 118
394, 864
188, 154
156, 535
44, 788
813, 351
987, 893
79, 884
885, 333
225, 941
353, 416
956, 73
666, 162
45, 339
205, 629
747, 410
626, 589
743, 141
29, 814
954, 900
251, 425
318, 120
4, 238
923, 749
691, 241
658, 148
573, 44
558, 966
305, 239
868, 603
365, 863
452, 968
109, 991
158, 196
96, 490
915, 464
584, 699
289, 234
335, 941
182, 565
713, 26
422, 192
158, 639
878, 333
288, 816
679, 99
67, 654
997, 483
679, 528
19, 155
972, 127
826, 286
872, 908
849, 468
33, 208
586, 384
928, 98
737, 9
694, 439
607, 968
67, 982
988, 638
121, 486
14, 986
493, 801
280, 385
672, 465
374, 459
927, 544
104, 575
311, 312
410, 691
52, 240
31, 500
468, 746
80, 638
276, 887
373, 69
55, 397
550, 739
125, 548
14, 183
642, 797
693, 740
315, 569
881, 798
489, 627
219, 643
143, 893
639, 250
240, 611
850, 71
140, 868
617, 223
963, 195
96, 168
351, 88
237, 462
202, 345
914, 930
728, 517
496, 147
790, 569
462, 67
317, 934
897, 453
525, 909
777, 748
323, 665
213, 395
915, 286
726, 661
123, 618
963, 315
246, 677
194, 229
376, 326
248, 43
110, 518
804, 710
516, 780
689, 702
450, 41
58, 467
214, 125
764, 623
284, 129
747, 490
806, 759
436, 62
291, 404
82, 983
378, 667
537, 330
41, 488
268, 342
44, 909
302, 310
129, 846
971, 360
336, 343
824, 735
578, 972
732, 571
633, 736
492, 520
503, 276
943, 574
905, 881
722, 832
174, 298
207, 342
652, 570
416, 509
221, 133
476, 740
827, 557
882, 652
223, 757
493, 966
486, 208
836, 985
912, 342
575, 131
964, 817
115, 297
640, 138
709, 674
183, 644
778, 477
217, 756
666, 606
259, 397
154, 548
514, 834
395, 648
985, 352
694, 231
363, 897
66, 270
567, 327
817, 181
855, 559
556, 878
356, 390
499, 686
292, 925
322, 165
65, 903
90, 477
477, 931
283, 485
68, 814
64, 978
600, 783
462, 130
664, 519
79, 280
158, 871
614, 987
673, 866
792, 113
630, 317
221, 466
295, 695
626, 311
148, 124
939, 261
239, 216
0, 355
485, 839
359, 462
94, 501
373, 790
777, 605
471, 339
452, 802
119, 263
82, 434
481, 692
3, 377
502, 459
720, 503
720, 441
148, 312
151, 72
886, 985
487, 862
4, 981
586, 212
551, 133
935, 57
673, 355
141, 407
99, 755
132, 622
81, 455
958, 634
427, 801
113, 30
454, 927
913, 617
831, 341
322, 752
964, 836
321, 260
669, 867
574, 609
16, 342
449, 715
689, 467
274, 934
920, 770
923, 585
615, 348
627, 389
358, 422
763, 540
292, 189
377, 437
49, 608
475, 51
660, 718
61, 401
116, 28
847, 862
796, 805
927, 122
707, 717
417, 203
944, 674
96, 44
585, 302
843, 211
648, 229
838, 573
624, 49
768, 665
67, 636
16, 181
43, 183
341, 863
337, 840
909, 620
175, 44
71, 326
370, 119
421, 519
731, 307
889, 617
190, 731
781, 727
392, 166
154, 549
730, 459
995, 170
385, 125
317, 688
308, 723
119, 226
904, 836
955, 190
710, 627
934, 377
346, 441
524, 175
902, 888
406, 305
206, 647
458, 560
82, 288
414, 453
493, 819
542, 83
310, 154
990, 14
204, 566
193, 945
674, 266
707, 480
655, 20
908, 584
889, 910
557, 314
226, 448
736, 15
821, 660
480, 502
586, 314
820, 374
388, 248
814, 810
756, 945
211, 360
840, 782
803, 271
855, 847
757, 63
730, 96
544, 666
34, 308
969, 633
135, 855
521, 801
175, 73
673, 342
504, 916
861, 840
200, 260
395, 72
343, 392
239, 550
965, 550
647, 349
15, 695
356, 543
176, 49
256, 677
478, 664
737, 778
472, 5
921, 411
251, 976
589, 134
207, 451
195, 984
886, 902
453, 434
783, 851
547, 452
995, 799
200, 255
932, 524
188, 457
587, 410
767, 925
688, 59
387, 41
175, 939
742, 976
312, 734
989, 937
724, 198
50, 794
246, 859
658, 949
556, 593
117, 211
668, 488
250, 305
583, 255
666, 17
58, 271
563, 53
382, 586
672, 305
595, 46
597, 661
455, 319
178, 999
300, 53
647, 189
752, 856
344, 116
422, 420
27, 594
963, 357
628, 693
98, 374
960, 191
849, 832
879, 632
646, 444
115, 828
827, 101
155, 645
186, 127
983, 154
270, 938
710, 327
273, 44
753, 89
134, 588
962, 382
925, 233
417, 274
259, 774
570, 648
476, 905
358, 685
683, 303
782, 865
19, 221
512, 765
444, 642
38, 222
312, 69
658, 792
526, 798
383, 620
247, 451
226, 801
449, 506
763, 148
186, 926
581, 121
987, 869
442, 364
129, 358
352, 954
177, 926
995, 391
535, 841
991, 653
626, 61
864, 375
176, 873
379, 442
591, 625
903, 494
615, 777
998, 485
849, 954
665, 440
395, 978
904, 17
760, 924
117, 900
905, 647
708, 108
483, 531
404, 925
367, 11
637, 135
629, 958
87, 540
25, 597
551, 85
878, 226
205, 216
586, 273
549, 461
713, 698
346, 666
126, 619
150, 406
331, 962
973, 907
394, 699
9, 610
503, 24
621, 449
534, 880
107, 524
93, 764
37, 664
125, 31
729, 938
956, 191
810, 75
482, 435
397, 312
571, 813
864, 370
333, 966
342, 226
27, 188
68, 315
839, 913
678, 527
191, 284
315, 67
6, 669
860, 45
120, 314
749, 22
686, 954
120, 146
517, 258
224, 336
914, 202
390, 918
233, 941
855, 810
338, 72
709, 533
600, 881
550, 24
69, 606
273, 762
136, 542
848, 22
169, 823
81, 968
305, 38
240, 657
575, 219
161, 982
792, 808
232, 16
549, 482
364, 941
318, 501
460, 266
381, 739
633, 733
755, 517
340, 482
450, 924
962, 773
782, 107
679, 554
888, 709
869, 840
208, 681
515, 454
395, 109
610, 231
850, 65
805, 422
155, 231
100, 438
272, 263
187, 793
918, 723
182, 502
408, 701
762, 861
701, 297
330, 632
86, 261
722, 845
77, 833
251, 333
107, 927
510, 56
846, 263
526, 610
755, 119
194, 65
919, 674
727, 376
238, 328
977, 489
473, 291
553, 307
152, 559
745, 275
960, 581
860, 996
404, 420
683, 370
333, 602
721, 561
978, 88
114, 267
644, 898
578, 841
331, 234
525, 555
214, 804
716, 430
58, 366
300, 813
161, 370
790, 160
883, 917
519, 825
738, 216
656, 593
860, 717
967, 771
612, 504
90, 897
452, 295
452, 616
398, 666
384, 520
333, 456
179, 684
197, 494
763, 969
147, 80
648, 282
875, 885
954, 304
427, 736
592, 921
818, 392
687, 35
651, 622
640, 491
11, 401
210, 377
413, 696
542, 389
710, 610
42, 305
588, 857
95, 690
347, 815
551, 49
323, 774
166, 496
531, 493
468, 206
49, 534
287, 108
837, 61
757, 497
886, 251
861, 300
957, 949
158, 904
946, 545
361, 253
655, 293
420, 264
112, 330
175, 938
496, 995
881, 643
104, 546
607, 169
666, 941
192, 716
368, 905
854, 406
662, 326
223, 12
618, 608
254, 936
201, 273
955, 674
964, 665
661, 130
774, 461
7, 894
63, 230
171, 966
34, 82
987, 716
474, 403
81, 841
205, 136
96, 656
593, 823
448, 350
376, 794
811, 403
534, 341
802, 472
367, 660
242, 161
127, 782
864, 765
481, 513
268, 851
44, 955
443, 349
6, 602
425, 892
242, 599
745, 226
629, 971
664, 556
381, 515
527, 818
979, 100
882, 769
535, 458
971, 747
598, 368
676, 240
941, 995
597, 471
363, 299
250, 374
600, 958
929, 995
904, 582
449, 945
763, 637
737, 977
98, 94
552, 619
718, 985
706, 875
467, 669
664, 382
853, 409
708, 261
987, 217
175, 311
306, 588
522, 456
401, 562
199, 971
300, 164
610, 288
908, 751
736, 162
389, 626
295, 442
176, 857
618, 311
924, 30
599, 678
989, 912
500, 126
582, 648
210, 374
345, 335
851, 762
50, 646
749, 461
975, 310
289, 485
280, 364
573, 584
248, 456
838, 191
870, 172
84, 437
563, 211
859, 936
310, 497
832, 422
536, 8
6, 35
496, 938
249, 755
240, 471
188, 538
474, 520
329, 113
305, 722
247, 167
957, 527
90, 331
620, 520
370, 950
724, 930
290, 554
590, 260
550, 296
51, 438
262, 799
689, 644
516, 450
915, 516
590, 845
13, 220
99, 837
521, 322
842, 542
492, 141
423, 564
119, 568
180, 714
10, 61
499, 730
882, 414
58, 113
915, 923
439, 574
772, 831
403, 382
219, 137
459, 503
45, 740
233, 653
218, 889
809, 657
723, 689
102, 989
71, 733
499, 601
67, 953
229, 557
484, 982
813, 668
50, 256
393, 217
72, 622
714, 852
505, 117
358, 948
957, 723
764, 167
508, 680
765, 866
820, 579
885, 265
822, 887
869, 114
134, 306
914, 683
900, 537
159, 307
159, 972
441, 873
821, 665
740, 151
670, 778
810, 857
723, 178
109, 576
841, 895
782, 346
812, 15
674, 4
39, 299
836, 588
896, 291
263, 347
220, 407
72, 56
559, 394
524, 165
22, 229
759, 335
911, 97
345, 220
919, 104
119, 479
483, 83
382, 145
734, 522
813, 218
565, 630
37, 428
836, 138
532, 462
979, 395
976, 408
95, 353
802, 87
308, 358
462, 147
627, 579
662, 934
79, 462
985, 45
615, 165
147, 150
931, 181
671, 537
351, 767
515, 555
963, 330
35, 843
931, 59
417, 837
985, 591
170, 232
518, 964
426, 832
229, 949
115, 763
914, 845
378, 262
151, 197
316, 49
956, 502
184, 831
27, 919
330, 219
57, 958
901, 100
684, 394
358, 71
255, 202
151, 136
900, 485
682, 618
233, 166
363, 60
461, 384
887, 679
863, 417
688, 71
643, 890
200, 371
471, 700
446, 101
524, 155
709, 156
292, 779
616, 212
831, 544
62, 650
62, 416
800, 777
457, 875
292, 39
463, 672
914, 333
704, 106
806, 114
567, 527
682, 604
760, 91
222, 743
955, 404
949, 191
841, 138
554, 11
141, 904
131, 707
746, 598
622, 424
109, 209
667, 536
2, 813
340, 825
429, 569
660, 374
469, 189
594, 234
425, 776
915, 895
258, 619
875, 821
880, 399
349, 6
782, 627
188, 971
859, 891
56, 856
681, 861
430, 396
122, 463
652, 442
29, 591
368, 598
493, 454
73, 635
808, 104
503, 300
307, 689
668, 853
176, 89
981, 208
416, 36
249, 37
786, 450
913, 32
826, 908
852, 917
516, 855
662, 572
559, 361
465, 735
36, 367
56, 321
526, 695
784, 76
285, 702
90, 765
155, 701
151, 340
724, 941
201, 416
334, 550
406, 405
977, 850
211, 68
155, 536
256, 29
350, 543
238, 664
741, 876
930, 375
492, 378
79, 21
713, 647
940, 583
999, 437
987, 494
251, 333
535, 745
165, 229
117, 99
128, 673
216, 725
390, 478
706, 807
534, 483
861, 636
657, 26
26, 292
227, 722
159, 318
164, 227
912, 499
596, 416
997, 800
899, 762
435, 114
192, 27
857, 3
162, 582
65, 915
551, 696
75, 926
570, 561
283, 453
771, 798
377, 795
294, 288
704, 289
89, 890
4, 701
167, 340
719, 439
795, 359
293, 576
491, 957
6, 358
636, 395
956, 433
886, 207
357, 591
386, 9
297, 734
375, 680
923, 1
54, 817
157, 927
719, 574
933, 877
805, 514
823, 579
937, 297
44, 181
614, 926
485, 0
591, 852
862, 842
576, 330
362, 511
513, 951
768, 285
565, 919
493, 926
155, 284
150, 779
358, 960
609, 325
859, 647
573, 653
5, 825
678, 58
252, 949
279, 892
403, 828
132, 641
279, 268
540, 900
178, 844
480, 33
164, 685
646, 982
659, 522
522, 607
613, 518
696, 95
506, 618
919, 374
618, 758
587, 198
192, 373
994, 71
971, 471
315, 534
919, 502
187, 147
129, 84
958, 185
793, 140
659, 480
928, 406
376, 355
81, 434
192, 296
846, 51
424, 131
202, 38
509, 418
304, 526
380, 176
675, 224
660, 919
105, 156
297, 618
451, 250
8, 956
663, 379
813, 736
32, 96
147, 357
841, 879
269, 923
694, 395
921, 779
307, 998
574, 653
573, 983
491, 234
205, 30
280, 788
96, 656
387, 640
376, 759
207, 200
909, 409
640, 354
630, 750
498, 909
40, 324
674, 419
425, 700
35, 601
835, 998
28, 526
315, 392
48, 660
300, 411
523, 787
987, 28
789, 730
437, 249
351, 429
691, 67
743, 849
621, 731
783, 769
370, 46
396, 818
345, 558
950, 424
436, 660
423, 351
138, 736
764, 946
29, 478
79, 554
335, 466
885, 430
632, 26
110, 980
749, 253
651, 245
64, 472
30, 47
471, 409
421, 332
35, 907
995, 844
791, 174
4, 111
17, 820
638, 83
865, 353
731, 875
207, 497
750, 193
439, 308
780, 401
800, 503
264, 162
847, 271
530, 685
529, 882
408, 877
989, 672
844, 412
847, 358
711, 834
709, 713
210, 795
340, 916
225, 313
66, 131
986, 357
520, 867
138, 250
935, 367
601, 21
898, 817
489, 10
774, 239
598, 686
520, 622
335, 661
808, 582
498, 897
210, 149
632, 75
433, 277
144, 619
869, 305
24, 634
655, 157
974, 625
987, 906
497, 815
501, 762
384, 447
109, 374
956, 71
968, 269
770, 806
882, 179
456, 403
22, 667
324, 952
586, 243
400, 348
325, 594
500, 726
542, 313
75, 349
797, 395
769, 811
882, 258
527, 77
884, 850
381, 650
53, 766
785, 837
789, 427
670, 109
809, 728
322, 423
149, 134
799, 174
523, 43
791, 226
37, 320
930, 912
990, 271
474, 810
460, 874
640, 855
45, 865
644, 425
886, 186
914, 666
89, 695
181, 588
762, 591
986, 333
559, 286
958, 777
690, 949
220, 241
51, 680
554, 46
902, 863
728, 546
323, 299
485, 724
390, 209
256, 752
340, 832
775, 789
122, 103
741, 761
539, 682
983, 51
292, 581
261, 555
602, 343
206, 167
713, 856
155, 286
10, 388
949, 992
744, 753
937, 205
346, 437
892, 712
473, 469
503, 633
684, 12
593, 486
41, 329
672, 206
725, 643
851, 231
869, 438
178, 6
351, 232
985, 127
684, 447
884, 922
634, 31
852, 776
761, 459
472, 355
841, 798
127, 417
976, 882
878, 151
382, 701
492, 81
440, 604
836, 22
150, 791
238, 173
447, 186
569, 475
603, 81
892, 421
776, 717
515, 716
486, 617
852, 642
145, 462
515, 82
163, 528
484, 359
382, 955
746, 320
493, 884
70, 337
164, 940
373, 640
61, 119
836, 265
982, 190
159, 351
345, 468
282, 11
445, 491
371, 797
157, 961
916, 855
175, 891
775, 15
704, 20
312, 845
837, 868
987, 685
302, 251
441, 824
527, 636
456, 600
964, 873
716, 738
888, 409
722, 87
942, 397
288, 639
6, 469
841, 63
908, 710
578, 153
190, 98
349, 917
93, 844
481, 790
742, 621
846, 937
28, 706
116, 562
1, 916
313, 190
829, 295
764, 601
664, 835
545, 957
462, 924
22, 475
745, 652
848, 723
513, 838
811, 681
619, 256
314, 657
219, 647
915, 782
973, 220
515, 228
829, 802
990, 631
940, 845
121, 887
715, 402
406, 496
219, 460
650, 255
936, 733
341, 462
119, 907
906, 655
438, 691
263, 821
401, 763
917, 131
114, 230
427, 907
147, 55
457, 549
45, 862
674, 216
471, 264
349, 676
138, 759
19, 42
50, 610
653, 925
99, 488
603, 916
399, 500
83, 520
428, 514
921, 510
411, 927
141, 378
594, 808
73, 815
843, 417
529, 774
817, 982
944, 548
473, 867
707, 597
865, 572
425, 310
830, 265
779, 508
370, 610
889, 700
430, 782
590, 30
197, 377
146, 15
142, 41
23, 675
223, 311
530, 967
916, 49
973, 589
899, 781
46, 398
258, 81
44, 177
229, 629
763, 933
964, 660
389, 353
721, 513
554, 535
211, 215
526, 577
896, 786
835, 56
645, 812
594, 809
559, 896
329, 992
170, 818
447, 725
11, 399
411, 210
915, 975
488, 152
40, 988
203, 395
324, 251
389, 729
137, 221
385, 225
386, 134
30, 331
676, 945
763, 712
437, 846
597, 562
124, 448
775, 361
865, 40
28, 616
11, 905
508, 584
665, 335
908, 898
475, 803
937, 646
977, 861
158, 320
32, 653
851, 274
836, 469
270, 801
514, 961
353, 45
661, 379
285, 381
317, 24
360, 793
691, 983
786, 620
266, 166
379, 75
395, 596
249, 538
812, 427
249, 453
254, 0
313, 519
564, 768
147, 666
400, 578
602, 784
578, 717
700, 314
287, 269
788, 486
562, 553
149, 167
57, 957
737, 751
556, 869
222, 986
505, 162
282, 535
202, 421
999, 781
566, 602
319, 954
620, 144
765, 372
210, 907
461, 553
73, 772
82, 962
65, 130
352, 171
157, 621
783, 574
461, 14
435, 65
847, 663
617, 787
741, 765
909, 289
661, 361
269, 26
932, 871
996, 82
396, 5
487, 430
601, 462
83, 839
765, 110
124, 219
636, 227
242, 559
346, 835
600, 860
149, 439
801, 861
888, 162
33, 422
856, 820
177, 29
811, 252
714, 664
504, 412
522, 150
369, 621
848, 998
558, 357
193, 443
303, 256
696, 145
7, 804
966, 849
623, 247
67, 999
381, 479
731, 244
908, 192
957, 798
948, 764
738, 831
830, 669
26, 586
29, 740
996, 571
717, 684
488, 44
245, 76
323, 806
806, 868
699, 390
986, 539
83, 783
581, 246
11, 392
224, 529
550, 749
687, 54
794, 576
148, 69
105, 142
539, 217
293, 946
752, 784
5, 616
358, 910
449, 704
487, 344
590, 885
277, 420
949, 953
54, 501
907, 499
428, 94
163, 53
196, 928
497, 620
566, 87
871, 790
758, 319
229, 228
285, 468
812, 31
916, 124
545, 754
60, 545
47, 846
698, 466
560, 306
360, 126
406, 75
696, 908
995, 903
45, 262
581, 218
447, 803
271, 163
194, 732
856, 435
541, 110
655, 401
248, 601
68, 54
361, 946
424, 980
56, 73
981, 830
85, 752
366, 976
194, 130
285, 300
463, 993
725, 908
343, 657
119, 582
335, 236
838, 774
181, 935
881, 258
590, 894
967, 657
839, 646
750, 300
628, 276
406, 117
417, 174
168, 43
951, 880
889, 893
827, 294
883, 8
134, 163
450, 721
331, 315
561, 684
341, 921
920, 880
180, 533
809, 22
139, 808
335, 216
611, 908
140, 503
748, 563
209, 29
389, 576
91, 92
165, 524
191, 541
577, 848
122, 753
633, 919
804, 42
64, 814
974, 613
181, 556
816, 309
164, 793
356, 309
690, 913
841, 565
10, 80
604, 284
177, 175
24, 795
900, 755
26, 146
540, 534
700, 830
443, 956
512, 26
688, 625
770, 681
990, 852
117, 478
43, 680
112, 958
242, 405
581, 716
864, 772
527, 957
103, 116
650, 553
735, 995
951, 702
81, 178
155, 816
497, 769
973, 925
403, 839
871, 91
401, 799
556, 984
52, 996
768, 137
446, 916
385, 647
552, 901
896, 387
90, 287
465, 848
16, 523
292, 973
250, 513
704, 265
708, 654
805, 575
559, 110
106, 361
851, 612
880, 226
873, 297
199, 265
653, 425
712, 95
295, 95
618, 529
502, 311
176, 262
879, 753
759, 880
456, 940
50, 916
277, 367
331, 508
86, 480
778, 212
829, 959
736, 329
776, 834
281, 800
329, 72
735, 251
865, 184
289, 912
144, 745
685, 48
964, 952
672, 87
595, 593
74, 3
567, 33
992, 204
533, 749
583, 80
880, 661
733, 217
468, 561
745, 821
85, 334
431, 34
434, 229
534, 468
555, 398
344, 206
209, 502
535, 770
974, 777
526, 879
959, 859
520, 461
678, 191
752, 606
779, 499
185, 850
884, 864
93, 968
436, 671
69, 979
185, 991
493, 765
535, 395
524, 380
259, 861
720, 402
863, 570
761, 593
551, 894
745, 865
715, 330
194, 282
250, 952
623, 639
619, 686
29, 44
810, 156
551, 874
254, 697
559, 427
829, 865
435, 631
576, 45
291, 548
413, 127
809, 36
670, 129
81, 3
995, 920
958, 56
100, 966
122, 987
213, 262
960, 26
805, 467
332, 871
502, 635
32, 119
667, 79
558, 323
359, 80
561, 368
723, 29
301, 994
50, 70
388, 611
950, 151
413, 863
889, 163
630, 725
596, 694
681, 314
433, 451
530, 713
36, 100
532, 440
160, 747
128, 94
440, 236
306, 781
392, 491
994, 695
558, 342
505, 759
485, 799
845, 487
801, 433
884, 879
592, 234
686, 766
207, 981
80, 571
665, 367
603, 561
342, 105
948, 262
309, 87
429, 942
702, 867
18, 287
774, 539
972, 863
742, 576
162, 857
623, 687
20, 201
772, 182
902, 452
13, 789
246, 505
119, 708
795, 195
489, 428
295, 224
863, 543
82, 665
529, 638
566, 407
616, 623
662, 80
281, 239
774, 34
487, 405
194, 676
181, 852
560, 793
988, 653
81, 355
932, 477
21, 377
394, 795
433, 455
862, 923
899, 351
432, 478
70, 913
948, 65
471, 844
872, 787
639, 17
810, 405
58, 200
907, 798
628, 140
869, 839
635, 1
456, 263
539, 420
772, 671
501, 438
703, 204
269, 923
119, 3
790, 92
110, 991
397, 782
334, 272
423, 455
595, 241
81, 51
404, 464
728, 716
136, 212
235, 619
57, 908
464, 737
660, 112
116, 86
530, 132
123, 906
40, 992
265, 872
328, 374
616, 688
91, 275
92, 697
765, 847
59, 172
791, 253
514, 295
384, 200
312, 978
416, 396
528, 428
687, 947
939, 652
876, 727
102, 556
596, 204
480, 70
767, 39
886, 924
96, 884
137, 946
593, 887
87, 651
630, 977
725, 399
828, 398
345, 254
258, 867
594, 637
545, 134
691, 48
118, 142
181, 523
447, 237
121, 68
366, 543
782, 259
910, 311
640, 869
620, 892
291, 365
619, 800
667, 988
977, 229
364, 614
662, 523
665, 55
578, 781
370, 198
618, 25
920, 492
751, 984
295, 702
923, 661
906, 287
653, 543
696, 197
537, 624
854, 363
977, 515
38, 218
625, 992
125, 55
605, 203
580, 495
987, 224
560, 852
906, 90
104, 208
495, 829
724, 10
207, 148
773, 420
136, 96
611, 627
197, 113
457, 1
408, 822
377, 582
78, 14
590, 309
161, 417
508, 150
358, 67
248, 612
622, 854
354, 972
745, 181
277, 127
106, 881
994, 241
242, 303
477, 804
386, 3
369, 206
515, 816
234, 959
109, 28
447, 742
354, 468
674, 47
20, 976
509, 28
508, 765
646, 138
379, 614
270, 992
796, 974
977, 747
306, 535
351, 346
657, 821
202, 585
327, 766
586, 1
49, 33
361, 612
641, 421
186, 870
9, 149
115, 184
528, 388
714, 385
485, 677
212, 691
389, 143
964, 563
501, 398
165, 518
520, 180
214, 103
716, 921
342, 575
798, 709
210, 880
64, 807
547, 325
63, 944
621, 614
305, 900
43, 185
101, 47
445, 359
230, 602
782, 962
418, 750
23, 996
924, 486
195, 365
245, 722
881, 405
82, 661
605, 780
394, 497
749, 579
764, 52
99, 144
504, 865
819, 896
211, 86
188, 602
950, 981
467, 211
576, 226
948, 662
419, 821
482, 181
962, 853
703, 439
18, 356
408, 452
597, 135
0, 859
108, 453
539, 172
126, 671
652, 727
938, 428
655, 119
133, 866
687, 955
137, 904
757, 521
312, 451
807, 460
265, 331
466, 568
779, 214
667, 818
342, 239
910, 558
285, 468
897, 562
33, 575
441, 904
859, 518
422, 480
1, 348
799, 532
344, 665
996, 959
879, 609
823, 814
985, 658
898, 842
400, 327
148, 160
75, 37
612, 45
949, 108
979, 53
885, 160
509, 401
933, 238
904, 308
619, 278
239, 252
67, 498
157, 415
257, 404
83, 407
567, 658
695, 231
628, 994
455, 660
713, 929
90, 434
835, 951
189, 951
611, 121
751, 93
346, 231
729, 990
757, 765
521, 238
997, 15
673, 604
188, 917
911, 720
380, 168
98, 366
152, 446
397, 540
491, 988
461, 938
32, 454
685, 212
554, 730
847, 767
5, 312
327, 368
324, 355
272, 352
424, 512
33, 183
902, 157
603, 131
671, 54
394, 352
290, 514
968, 207
419, 674
756, 6
773, 326
990, 603
323, 130
485, 669
373, 648
512, 757
293, 797
954, 545
28, 547
953, 909
261, 51
565, 348
555, 904
578, 886
892, 327
5, 687
290, 17
147, 995
664, 966
966, 985
94, 37
186, 830
376, 739
286, 141
402, 756
808, 592
292, 664
920, 725
963, 199
878, 850
537, 207
224, 883
878, 180
146, 724
61, 894
931, 112
942, 155
247, 470
611, 670
427, 885
477, 13
29, 587
664, 769
969, 949
152, 628
835, 847
83, 689
869, 412
136, 313
208, 15
479, 549
704, 491
961, 422
444, 951
837, 924
290, 223
810, 666
436, 319
621, 475
103, 757
956, 773
814, 290
702, 39
353, 684
51, 190
739, 913
404, 531
305, 796
99, 366
642, 749
973, 936
603, 932
604, 783
610, 391
500, 225
350, 65
356, 456
848, 164
848, 410
953, 553
466, 900
783, 44
840, 222
940, 88
837, 940
228, 583
515, 162
946, 183
574, 119
696, 908
974, 426
883, 398
563, 682
92, 83
988, 763
15, 397
442, 806
28, 798
238, 282
574, 321
256, 428
590, 803
986, 771
243, 888
797, 913
339, 291
690, 771
805, 574
9, 605
720, 249
647, 997
803, 736
886, 89
723, 184
857, 125
553, 298
101, 113
236, 143
384, 439
352, 831
123, 181
304, 44
618, 165
122, 109
358, 628
625, 842
578, 5
446, 781
317, 817
294, 170
820, 174
287, 847
342, 273
712, 523
355, 726
259, 417
461, 830
995, 563
672, 431
411, 117
959, 383
388, 37
170, 890
707, 187
709, 839
13, 353
200, 529
802, 300
175, 894
973, 866
635, 530
360, 232
148, 96
880, 707
176, 172
555, 291
680, 488
378, 296
483, 202
41, 437
790, 192
73, 54
706, 342
588, 227
93, 882
764, 913
498, 729
177, 477
184, 646
818, 409
701, 713
201, 374
670, 381
584, 931
368, 505
49, 625
32, 510
204, 122
349, 738
620, 792
58, 794
875, 385
214, 556
202, 53
462, 398
463, 20
